0,0,0,0,0,0,1,0,0,0,0,0,0,0,0,0,0,0,0,0,0,0,0,0,0,0,0,0,0,0,0,0,0,0,0,0,0,0,0,0,0,0,0,0,0,0,0,0,0,0,0,0,0,0,0,0,0,0,0,0,0,0,0,0,0,0,0,0,0,0,0,0,0,0,0,0,0,0,0,0,0,0,0,0,0,0,0,0,0,0,0,0,0,0,0,0,0,0,0,0,0,0,0,0,0,0,0,0,0,0,0,0,0,0,0,0,0,0,0,0,0,0,0,0,0,0,0,0,0,0,0,0,0,0,0,0,0,0,0,0,0,0,0,0,0,0,0,0,0,0,0,0,0,0,0,0,0,0,0,0,0,0,0,0,0,0,0,0,0,0,0,0,0,0,0,0,0,0,0,0,0,0,0,0,0,0,0,0,0,0,0,0,0,0,0,0,0,0,0,0,
0,1,0,0,0,0,0,0,0,0,0,0,0,0,0,0,0,0,0,0,0,0,0,0,0,0,0,0,0,0,0,0,0,0,0,0,0,0,0,0,0,0,0,0,0,0,0,0,0,0,0,0,0,0,0,0,0,0,0,0,0,0,0,0,0,0,0,0,0,0,0,0,0,0,0,0,0,0,0,0,0,0,0,0,0,0,0,0,0,0,0,0,0,0,0,0,0,0,0,0,0,0,0,0,0,0,0,0,0,0,0,0,0,0,0,0,0,0,0,0,0,0,0,0,0,0,0,0,0,0,0,0,0,0,0,0,0,0,0,0,0,0,0,0,0,0,0,0,0,0,0,0,0,0,0,0,0,0,0,0,0,0,0,0,0,0,0,0,0,0,0,0,0,0,0,0,0,0,0,0,0,0,0,0,0,0,0,0,0,0,0,0,0,0,0,0,0,0,0,0,
0,0,0,1,0,0,0,0,0,0,0,0,0,0,0,0,0,0,0,0,0,0,0,0,0,0,0,0,0,0,0,0,0,0,0,0,0,0,0,0,0,0,0,0,0,0,0,0,0,0,0,0,0,0,0,0,0,0,0,0,0,0,0,0,0,0,0,0,0,0,0,0,0,0,0,0,0,0,0,0,0,0,0,0,0,0,0,0,0,0,0,0,0,0,0,0,0,0,0,0,0,0,0,0,0,0,0,0,0,0,0,0,0,0,0,0,0,0,0,0,0,0,0,0,0,0,0,0,0,0,0,0,0,0,0,0,0,0,0,0,0,0,0,0,0,0,0,0,0,0,0,0,0,0,0,0,0,0,0,0,0,0,0,0,0,0,0,0,0,0,0,0,0,0,0,0,0,0,0,0,0,0,0,0,0,0,0,0,0,0,0,0,0,0,0,0,0,0,0,0,
0,0,0,0,0,0,0,0,0,0,0,0,0,0,0,0,0,0,0,0,0,0,0,0,0,0,0,0,0,0,0,0,0,0,0,0,0,0,0,0,0,0,0,0,0,0,0,0,0,0,0,0,0,0,0,0,0,0,0,0,0,0,0,0,0,0,0,0,0,0,0,0,0,0,0,0,0,0,0,0,0,0,0,0,0,0,0,0,0,0,0,0,0,0,0,0,0,0,0,0,0,0,0,0,0,0,0,0,0,0,0,0,0,0,0,0,0,0,0,0,0,0,0,0,0,0,0,0,0,0,0,0,0,0,0,0,0,0,0,0,0,0,0,0,0,0,0,0,0,0,0,0,0,0,0,0,0,0,0,0,0,0,0,0,0,0,0,0,0,0,0,0,0,0,0,0,0,0,0,0,0,0,0,0,0,0,0,0,0,0,0,0,0,0,0,0,0,0,0,0,
0,0,0,0,0,0,0,0,0,0,0,0,0,0,0,0,0,0,0,0,0,0,0,0,0,0,0,0,0,0,0,0,0,0,0,0,0,0,0,0,0,0,0,0,0,0,0,0,0,0,0,0,0,0,0,0,0,0,0,0,0,0,0,0,0,0,0,0,0,0,0,0,0,0,0,0,0,0,0,0,0,0,0,0,0,0,0,0,0,0,0,0,0,0,0,0,0,0,0,0,0,0,0,0,0,0,0,0,0,0,0,0,0,0,0,0,0,0,0,0,0,0,0,0,0,0,0,0,0,0,0,0,0,0,0,0,0,0,0,0,0,0,0,0,0,0,0,0,0,0,0,0,0,0,0,0,0,0,0,0,0,0,0,0,0,0,0,0,0,0,0,0,0,0,0,0,0,0,0,0,0,0,0,0,0,0,0,0,0,0,0,0,0,0,0,0,0,0,0,0,
0,0,0,0,0,0,0,0,0,0,0,0,0,0,0,0,0,0,0,0,0,0,0,0,1,0,0,0,0,0,0,0,0,0,0,0,0,0,0,0,0,0,0,0,0,0,0,0,0,0,0,0,0,0,0,0,0,0,0,0,0,0,0,0,0,0,0,0,0,0,0,0,0,0,0,0,0,0,0,0,0,0,0,0,0,0,0,0,0,0,0,0,0,0,0,0,0,0,0,0,0,0,0,0,0,0,0,0,0,0,0,0,0,0,0,0,0,0,0,0,0,0,0,0,0,0,0,0,0,0,0,0,0,0,0,0,0,0,0,0,0,0,0,0,0,0,0,0,0,0,0,0,0,0,0,0,0,0,0,0,0,0,0,0,0,0,0,0,0,0,0,0,0,0,0,0,0,0,0,0,0,0,0,0,0,0,0,0,0,0,0,0,0,0,0,0,0,0,0,0,
0,0,0,0,0,0,1,0,0,0,0,0,0,0,0,0,0,0,0,0,0,0,0,0,0,0,0,0,0,0,0,0,0,0,0,0,0,0,0,0,0,0,0,0,0,0,0,0,0,0,0,0,0,0,0,0,0,0,0,0,0,0,0,0,0,0,0,0,0,0,0,0,0,0,0,0,0,0,0,0,0,0,0,0,0,0,0,0,0,0,0,0,0,0,0,0,0,0,0,0,0,0,0,0,0,0,0,0,0,0,0,0,0,0,0,0,0,0,0,0,0,0,0,0,0,0,0,0,0,0,0,0,0,0,0,0,0,0,0,0,0,0,0,0,0,0,0,0,0,0,0,0,0,0,0,0,0,0,0,0,0,0,0,0,0,0,0,0,0,0,0,0,0,0,0,0,0,0,0,0,0,0,0,0,0,0,0,0,0,0,0,0,0,0,0,0,0,0,0,0,
0,0,0,0,0,0,0,0,0,0,0,0,0,0,0,0,0,0,0,0,0,0,0,0,0,0,0,0,0,0,0,0,0,0,0,0,0,0,0,0,0,0,0,0,0,0,0,0,0,0,0,0,0,0,0,0,0,0,0,0,0,0,0,0,0,0,0,0,0,0,0,0,0,0,0,0,0,0,0,0,0,0,0,0,0,0,0,0,0,0,0,0,0,0,0,0,0,0,0,0,0,0,0,0,0,0,0,0,0,0,0,0,0,0,0,0,0,0,0,0,0,0,0,0,0,0,0,0,0,0,0,0,0,0,0,0,0,0,0,0,0,0,0,0,0,0,0,0,0,0,0,0,0,0,0,0,0,0,0,0,0,0,0,0,0,0,0,0,0,0,0,0,0,0,0,0,0,0,0,0,0,0,0,0,0,0,0,0,0,0,0,0,0,0,0,0,0,0,0,0,
0,0,0,0,0,0,0,0,0,0,0,0,0,0,0,0,0,0,0,0,0,0,0,0,0,0,0,0,0,0,0,0,0,0,0,0,0,0,0,0,0,0,0,0,0,0,0,0,0,0,0,0,0,0,0,0,0,0,0,0,0,0,1,0,0,0,0,0,0,0,0,0,0,0,0,0,0,0,0,0,0,0,0,0,0,0,0,0,0,0,0,0,0,0,0,0,0,0,0,0,0,0,0,0,0,0,0,0,0,0,0,0,0,0,0,0,0,0,0,0,0,0,0,0,0,0,0,0,0,0,0,0,0,0,0,0,0,0,0,0,0,0,0,0,0,0,0,0,0,0,0,0,0,0,0,0,0,0,0,0,0,0,0,0,0,0,0,0,0,0,0,0,0,0,0,0,0,0,0,0,0,0,0,0,0,0,0,0,0,0,0,0,0,0,0,0,0,0,0,0,
1,0,0,0,0,0,0,0,0,0,0,0,0,0,0,0,0,0,0,0,0,0,0,0,0,0,0,0,0,0,0,0,0,0,0,0,0,0,0,0,0,0,0,0,0,0,0,0,0,0,0,0,0,0,0,0,0,0,0,0,0,0,0,0,0,0,0,0,0,0,0,0,0,0,0,0,0,0,0,0,0,0,0,0,0,0,0,0,0,0,0,0,0,0,0,0,0,0,0,0,0,0,0,0,0,0,0,0,0,0,0,0,0,0,0,0,0,0,0,0,0,0,0,0,0,0,0,0,0,0,0,0,0,0,0,0,0,0,0,0,0,0,0,0,0,0,0,0,0,0,0,0,0,0,0,0,0,0,0,0,0,0,0,0,0,0,0,0,0,0,0,0,0,0,0,0,0,0,0,0,0,0,0,0,0,0,0,0,0,0,0,0,0,0,0,0,0,0,0,0,
1,2,0,1,1,0,1,0,0,0,0,0,0,0,0,0,0,0,0,0,0,0,0,0,0,0,0,0,0,0,0,0,0,0,0,0,0,0,0,0,0,0,0,0,0,0,0,0,0,0,0,0,0,0,0,0,0,0,0,0,0,0,0,0,0,0,0,0,0,0,0,0,0,0,0,0,0,0,0,0,0,0,0,0,0,0,0,0,0,0,0,0,0,0,0,0,0,0,0,0,0,0,0,0,0,0,0,0,0,0,0,0,0,0,0,0,0,0,0,0,0,0,0,0,0,0,0,0,0,0,0,0,0,0,0,0,0,0,0,0,0,0,0,0,0,0,0,0,0,0,0,0,0,0,0,0,0,0,0,0,0,0,0,0,0,0,0,0,0,0,0,0,0,0,0,0,0,0,0,0,0,0,0,0,0,0,0,0,0,0,0,0,0,0,0,0,0,0,0,0,
5,3,1,0,2,0,0,0,1,0,0,0,0,0,0,0,0,0,0,0,0,0,0,0,0,0,0,0,0,0,0,0,0,0,0,0,0,0,0,0,0,0,0,0,0,0,0,0,0,0,1,0,0,0,0,0,0,0,0,0,0,0,0,0,0,0,0,0,0,0,0,0,0,0,0,0,0,0,0,0,0,0,0,0,0,0,0,0,0,0,0,0,0,0,0,0,0,0,0,0,0,0,0,0,0,0,0,0,0,0,0,0,0,0,0,0,0,0,0,0,0,1,0,0,0,0,0,0,0,0,0,0,0,0,0,0,0,0,0,0,0,0,0,0,0,0,0,0,0,0,0,0,0,0,0,0,0,0,0,0,0,0,0,0,0,0,0,0,0,0,0,0,0,0,0,0,0,0,0,0,0,0,0,0,0,0,0,0,0,0,0,0,0,0,0,0,0,0,0,0,
1,3,1,0,0,0,0,0,0,0,0,1,0,0,0,0,0,0,0,0,0,0,0,0,0,0,0,0,0,0,0,0,0,0,0,0,0,0,0,0,0,0,0,0,0,0,0,0,0,0,0,0,0,0,0,0,0,0,0,0,0,0,0,0,0,0,0,0,0,0,0,0,0,0,0,0,0,0,0,0,0,0,0,0,0,0,0,0,0,0,0,0,0,0,0,0,0,0,0,0,0,0,0,0,0,0,0,0,0,0,0,0,0,0,0,0,0,0,0,0,0,0,0,0,0,0,0,0,0,0,0,0,0,0,0,0,0,0,0,0,0,0,0,0,0,0,0,0,0,0,0,0,0,0,0,0,0,0,0,0,0,0,0,0,0,0,0,0,0,0,0,0,0,0,0,0,0,0,0,0,0,0,0,0,0,0,0,0,0,0,0,0,0,0,0,0,0,0,0,0,
2,2,0,1,1,1,0,0,1,0,0,0,0,0,0,0,0,0,0,0,0,0,0,0,0,0,0,0,0,0,0,0,0,0,0,0,0,0,0,0,0,0,0,0,0,0,0,0,0,0,0,0,0,0,1,0,0,0,0,0,0,0,0,0,0,0,0,0,0,0,0,0,0,0,0,0,0,0,0,0,0,0,0,0,0,0,0,0,0,0,0,0,0,0,0,0,0,0,0,0,0,0,0,0,0,0,0,0,0,0,0,0,0,0,0,0,0,0,0,0,0,0,0,0,0,0,0,0,0,0,0,0,0,0,0,0,0,0,0,0,0,0,0,0,0,0,0,0,0,0,0,0,0,0,0,0,0,0,0,0,0,0,0,0,0,0,0,0,0,0,0,0,0,0,0,0,0,0,0,0,0,0,0,0,0,0,0,0,0,0,0,0,0,0,0,0,0,0,0,0,
3,4,0,1,0,2,0,0,0,0,0,0,0,0,0,0,0,0,0,0,0,0,0,0,0,0,1,0,0,89,93,91,92,95,95,95,97,97,95,95,94,95,98,96,92,94,95,98,93,95,85,92,93,91,90,94,94,96,89,97,92,90,93,99,95,97,97,93,97,95,94,91,96,92,96,97,94,94,97,94,92,94,96,90,92,96,93,96,96,98,94,96,92,94,98,99,98,98,99,97,96,96,98,97,98,96,95,90,93,95,97,94,93,94,93,94,95,96,87,89,97,93,95,93,93,95,90,94,97,89,100,95,97,95,94,97,100,100,98,100,98,95,95,96,97,92,99,97,97,99,97,93,94,99,97,98,97,98,95,97,92,97,95,98,90,95,98,94,95,97,99,98,96,95,91,93,95,94,97,93,94,97,99,93,98,96,91,96,95,98,93,93,93,92,95,94,95,92,97,100,
2,5,0,0,0,1,0,0,0,0,0,0,1,0,0,0,0,0,0,0,0,0,0,0,0,0,0,0,0,0,0,0,1,0,0,0,0,0,0,0,0,0,0,0,0,0,0,0,0,0,0,0,0,0,1,0,0,0,0,0,0,0,0,0,0,0,0,0,0,0,0,0,0,0,0,0,0,0,0,0,0,0,0,0,0,0,0,0,0,0,0,0,0,0,0,0,0,0,0,0,0,0,0,0,0,0,0,0,0,0,0,0,0,0,0,0,0,0,0,0,0,0,0,0,0,0,0,0,0,0,0,0,0,0,0,0,0,0,0,0,0,0,0,0,0,0,0,0,0,0,0,0,0,0,0,0,0,0,0,0,0,0,0,0,0,0,0,0,0,0,0,0,0,0,0,0,0,0,0,0,0,0,0,0,0,0,0,0,0,0,0,0,0,0,0,0,0,0,0,0,
5,0,3,2,39,90,96,97,99,94,90,94,97,92,96,93,92,92,97,94,94,97,91,92,91,94,95,91,94,95,91,98,91,93,96,99,95,93,95,96,96,96,94,95,99,97,99,96,91,91,93,98,97,94,95,100,89,99,97,98,94,93,94,95,92,98,92,98,92,88,93,97,98,99,98,99,99,98,95,99,94,97,94,97,93,96,93,95,96,94,94,94,97,98,97,92,91,97,92,95,97,98,96,97,96,100,99,96,97,98,97,100,97,94,94,93,97,99,95,98,93,96,91,91,99,95,96,96,92,96,94,94,99,95,96,98,95,96,95,97,96,96,96,97,90,97,97,96,92,98,93,93,93,96,95,96,93,97,97,99,98,99,97,95,97,98,97,93,100,97,96,95,97,95,95,99,97,98,96,98,100,94,94,97,96,99,98,96,94,96,99,98,95,99,99,95,95,92,91,97,
1,2,0,1,0,0,0,0,0,0,0,0,0,0,0,0,0,0,0,0,1,1,0,0,0,0,0,0,0,0,0,0,0,0,0,2,95,94,96,95,99,97,98,93,91,95,98,96,95,92,93,91,94,97,98,96,98,97,97,92,95,92,93,96,88,98,95,97,100,99,93,97,96,98,97,97,97,94,99,96,98,95,91,90,91,93,91,95,97,92,94,97,99,95,100,100,98,93,95,95,95,91,92,93,95,94,93,96,97,96,97,96,98,98,96,95,92,94,95,96,95,97,92,97,93,97,96,98,95,96,94,89,94,94,94,98,96,97,97,97,99,97,97,96,100,95,96,99,94,95,94,95,95,99,99,97,99,99,93,95,94,97,95,99,94,99,92,97,100,99,98,99,99,98,98,98,97,96,98,92,97,88,97,98,97,98,94,96,93,95,98,95,96,96,92,92,94,97,98,97,
2,1,1,1,1,0,0,0,0,0,0,0,0,0,0,0,0,0,0,0,0,0,0,0,0,0,0,0,0,0,0,0,0,0,0,0,0,0,0,0,0,0,0,0,0,0,0,0,0,0,0,0,0,0,0,0,0,0,0,0,0,0,0,0,0,0,0,0,0,0,0,0,0,0,0,0,0,0,0,0,0,0,0,0,0,0,0,0,0,0,0,0,0,0,0,0,0,0,0,0,0,0,0,0,0,0,0,0,0,0,0,0,0,0,0,0,0,0,0,0,0,0,0,0,0,0,0,0,0,0,0,0,0,0,0,0,0,0,0,0,0,0,0,0,0,0,0,0,0,0,0,0,0,0,0,0,0,0,0,0,0,0,0,0,0,0,0,0,0,0,0,0,0,0,0,0,0,0,0,0,0,0,0,0,0,0,0,0,0,0,0,0,0,0,0,0,0,0,0,0,
4,0,0,2,0,0,0,1,0,0,0,0,0,0,0,0,0,0,0,0,0,0,0,0,0,0,0,0,0,0,0,0,0,0,0,0,0,0,1,0,0,0,0,0,0,0,0,0,0,0,0,0,0,0,0,0,0,0,0,0,0,0,0,0,0,0,0,0,0,0,0,0,0,0,0,0,0,0,0,0,0,0,0,0,0,0,0,0,0,0,0,0,0,0,0,0,0,0,0,0,0,0,0,0,0,0,0,0,0,0,0,0,0,0,0,0,0,0,0,0,0,0,0,0,0,0,0,0,0,0,0,0,0,0,0,0,0,0,0,0,0,0,0,0,0,0,0,0,0,0,0,0,0,0,0,0,0,0,0,0,0,0,0,0,0,0,0,0,0,0,0,0,0,0,0,0,0,0,0,0,0,0,0,0,0,0,0,0,0,0,0,0,0,0,0,0,0,0,0,0,
7,3,0,0,0,0,2,0,33,97,88,94,92,92,92,93,89,92,87,94,94,92,89,93,92,93,95,92,97,93,96,95,94,88,93,99,93,91,90,89,92,91,89,90,92,90,88,92,93,86,93,93,89,87,93,94,96,94,94,93,94,90,95,92,93,94,91,92,94,88,91,84,89,91,93,90,92,88,93,86,89,94,92,93,85,90,91,90,92,91,95,90,93,96,98,90,92,84,90,91,92,92,94,95,83,87,97,90,94,93,91,91,92,88,94,89,98,95,92,93,96,93,92,94,90,90,91,89,95,88,90,91,85,87,88,94,95,91,94,89,92,92,94,89,94,92,93,92,94,85,92,90,83,91,90,87,85,92,91,93,94,96,95,94,86,92,95,94,94,100,94,91,92,93,88,95,90,96,92,91,94,91,92,92,94,96,95,91,92,85,95,92,94,95,97,97,95,96,95,97,
2,1,2,1,1,0,0,0,0,2,0,0,0,0,0,0,0,0,0,0,0,0,0,0,0,0,0,0,0,0,0,0,0,0,0,0,0,0,0,0,0,0,0,0,0,0,0,0,0,0,0,0,0,0,0,0,0,0,0,0,0,0,0,0,0,0,0,32,91,87,85,90,89,88,89,87,92,91,94,94,89,89,91,88,94,94,89,92,81,90,88,93,96,95,93,91,89,91,94,93,89,94,94,90,93,97,98,94,95,87,92,99,98,90,93,96,93,94,91,96,95,95,96,93,96,90,89,88,89,90,87,92,95,88,95,91,87,92,92,96,90,88,93,93,92,95,94,95,94,97,91,92,97,95,91,92,92,89,93,93,89,94,97,93,98,90,95,93,96,90,95,91,87,94,91,96,93,96,95,94,95,90,90,97,94,90,92,93,87,93,93,97,95,93,95,94,96,96,94,95,
5,2,0,0,0,0,34,91,94,91,96,89,93,91,92,90,92,86,85,86,89,88,91,91,90,89,96,94,91,84,88,94,93,91,96,93,94,96,90,93,91,85,92,85,87,87,95,91,94,94,94,93,96,96,96,94,98,98,89,94,93,99,95,94,91,96,91,96,93,94,93,92,95,93,92,93,93,94,91,92,93,93,97,93,94,88,90,92,90,96,97,95,97,93,93,93,93,92,95,96,93,91,97,93,93,89,93,90,91,90,90,93,90,90,94,90,93,87,86,95,97,92,92,91,91,86,88,94,87,89,94,93,93,87,91,89,94,91,93,94,94,92,88,94,90,95,95,90,91,91,88,92,88,90,93,93,90,95,98,93,97,95,96,93,90,93,90,87,92,88,93,91,92,93,93,85,92,91,98,94,96,92,91,98,99,92,88,94,91,95,90,95,87,96,94,90,91,88,91,94,
6,1,1,3,0,0,0,89,87,91,88,93,96,89,92,87,94,96,97,94,92,97,94,92,92,96,92,93,91,92,97,88,91,96,94,94,93,97,89,94,94,94,93,95,99,97,94,93,95,91,95,95,99,98,96,93,87,95,96,92,92,94,90,87,92,93,92,91,95,93,93,95,94,87,94,93,92,91,93,93,95,92,86,95,87,92,93,95,99,92,89,91,86,90,91,93,96,92,93,90,91,95,94,93,92,94,95,96,92,89,95,96,90,90,99,95,94,94,93,94,94,96,93,93,87,95,96,95,92,88,95,90,92,90,95,96,88,93,94,89,92,94,90,93,96,92,91,92,92,92,97,96,91,93,96,93,89,88,93,92,88,89,92,95,92,93,93,90,94,92,93,95,92,96,95,96,90,92,92,94,92,98,96,96,93,97,93,96,91,90,91,92,87,92,87,91,95,91,95,90,
3,3,3,1,0,0,0,0,0,0,0,0,0,0,0,0,0,0,0,0,0,0,0,0,0,0,0,0,0,0,0,0,0,0,0,0,0,0,0,0,0,0,0,0,0,0,0,0,0,0,0,0,0,0,0,0,0,0,0,0,0,0,0,0,0,0,0,0,0,0,0,0,0,0,0,0,0,0,0,0,0,0,0,0,0,0,0,0,0,0,0,0,0,0,0,0,0,0,0,0,0,0,0,0,0,0,0,0,0,0,0,0,0,0,0,0,0,0,0,0,0,0,0,0,0,0,0,0,0,0,0,0,0,0,0,0,0,0,0,0,0,0,0,0,0,0,0,0,0,0,0,0,0,0,0,0,0,0,0,0,0,0,0,0,0,0,0,0,0,0,0,0,0,0,0,0,0,0,0,0,0,0,0,0,0,0,0,0,0,0,0,0,0,0,0,0,0,0,0,0,
3,4,37,93,94,92,92,95,94,85,88,88,96,96,95,92,92,97,93,97,91,91,94,97,90,94,88,92,93,94,94,97,93,93,92,94,92,87,95,94,92,98,94,92,98,92,94,89,89,89,96,97,96,93,91,97,95,96,88,97,94,97,90,96,94,95,93,97,94,98,96,93,92,93,96,92,92,90,91,92,86,94,93,92,89,90,97,94,93,91,92,93,94,94,93,95,94,96,99,93,90,97,86,91,92,95,89,93,93,87,94,90,89,91,92,98,87,96,97,84,91,89,95,89,91,89,89,95,93,93,95,93,95,87,92,92,92,89,94,89,95,93,89,94,92,95,97,88,93,88,91,91,90,96,95,89,95,88,92,93,98,91,92,94,96,97,93,91,90,89,91,96,95,92,97,94,92,90,91,96,94,95,93,87,93,93,96,90,92,97,94,94,92,96,93,94,96,94,94,95,
4,1,0,0,1,0,0,0,0,0,0,0,0,0,0,0,0,0,0,73,90,94,93,94,94,95,92,94,91,91,91,91,93,89,93,91,88,94,97,92,96,92,95,95,93,97,93,96,97,93,96,91,93,89,95,91,93,89,93,96,89,94,95,90,93,99,91,96,97,97,94,89,92,92,90,90,97,95,91,91,95,88,94,89,97,93,95,91,89,93,92,97,93,96,93,93,98,98,88,94,95,87,94,93,91,97,96,94,91,92,93,91,94,90,85,93,89,95,92,90,89,92,92,92,92,98,93,96,88,90,91,94,96,91,92,93,89,92,94,93,94,95,92,92,90,90,92,92,95,86,93,87,94,93,87,88,94,92,96,93,89,87,81,93,96,87,93,90,92,90,89,96,96,91,93,86,86,84,93,91,95,92,96,92,91,91,96,96,90,93,90,92,93,88,93,94,96,92,87,91,
1,1,0,1,0,0,0,0,0,0,0,0,0,0,0,0,0,0,0,0,0,0,0,0,0,0,0,0,0,0,0,0,0,0,0,0,0,0,0,0,0,0,0,0,0,0,0,0,0,0,0,0,0,0,0,0,0,0,0,0,0,0,0,0,0,0,0,0,0,0,0,0,0,0,0,0,0,0,0,0,0,0,0,0,0,0,0,0,0,0,0,0,0,0,0,0,0,0,0,0,0,0,0,0,0,0,0,0,0,0,0,0,0,0,0,0,0,0,0,0,0,0,0,0,0,0,0,0,0,0,0,0,0,0,0,0,0,0,0,0,0,0,0,0,0,0,0,0,0,0,0,1,91,90,89,92,91,90,86,94,90,91,94,98,89,91,95,94,88,93,92,95,92,92,91,98,92,93,93,88,95,91,97,94,92,95,96,92,92,95,90,92,96,97,95,100,88,92,93,99,
3,4,3,2,1,0,0,0,0,0,0,0,0,0,1,0,0,0,0,0,0,0,0,0,0,0,0,0,0,0,0,0,0,0,0,0,0,0,0,0,0,0,0,0,0,0,0,0,0,0,0,0,0,0,0,0,0,0,0,0,0,0,0,0,0,0,0,0,0,1,0,0,0,0,0,0,0,0,0,0,0,0,0,0,0,0,0,0,0,0,0,0,0,0,0,0,0,0,0,0,0,0,0,0,0,0,0,0,0,0,0,0,0,0,0,0,0,0,0,0,0,0,0,0,0,0,0,0,0,0,0,0,0,0,0,0,0,0,0,0,0,0,0,0,0,0,0,0,0,0,0,0,0,0,0,0,0,0,0,0,0,0,0,0,0,0,0,0,0,0,0,0,0,0,0,0,0,0,0,0,0,0,0,0,0,0,0,0,0,0,0,0,0,0,0,0,0,0,0,0,
1,0,1,1,0,0,1,0,0,0,0,0,0,0,0,0,0,0,0,0,0,0,0,1,50,93,93,93,95,92,97,94,96,93,90,91,96,91,92,91,95,90,89,93,95,93,95,93,99,92,90,94,91,91,96,93,95,95,92,92,92,95,93,97,93,95,88,99,86,89,97,96,93,93,93,91,95,94,96,91,93,92,92,93,94,89,92,92,88,91,92,96,88,91,97,94,97,95,88,95,96,91,93,95,93,94,90,87,95,89,95,96,95,90,91,96,96,95,93,95,93,96,94,98,94,92,91,95,94,92,96,96,94,92,96,93,92,96,94,89,92,92,96,98,90,92,92,94,95,95,95,91,91,91,93,94,93,93,94,93,94,95,86,96,91,96,95,92,92,94,90,94,92,92,94,92,93,97,90,94,92,96,96,92,95,94,94,94,86,89,96,91,86,90,95,94,95,95,89,95,
9,56,91,88,88,90,89,87,91,87,88,88,85,92,89,90,88,92,93,88,90,90,92,90,91,92,90,94,92,93,87,90,90,93,87,81,91,91,95,91,87,95,90,83,86,87,87,89,87,89,84,87,85,86,91,89,88,90,83,93,96,90,89,90,91,90,89,91,87,91,93,91,94,88,89,91,87,88,93,90,92,90,92,92,90,90,82,88,92,89,89,84,92,92,90,91,94,91,91,82,88,91,92,96,96,88,89,92,93,94,85,93,89,96,91,91,92,91,91,89,91,88,85,82,86,87,87,86,86,87,89,89,88,89,90,98,88,96,91,89,94,93,90,95,86,91,93,95,95,90,94,90,94,92,95,87,90,94,89,87,94,86,91,88,78,91,96,89,91,91,93,92,95,90,90,90,84,87,91,92,93,94,93,94,90,90,90,94,89,87,94,91,87,89,86,86,83,87,87,76,
6,2,2,1,4,80,89,83,82,94,88,89,93,90,89,85,90,87,88,88,94,88,93,91,86,85,90,93,89,90,87,89,96,89,94,90,88,90,87,78,93,92,88,92,86,96,92,87,91,87,94,90,93,91,90,89,79,89,92,88,86,84,86,90,91,91,90,85,90,87,89,91,89,93,94,94,95,91,90,89,95,92,95,86,90,87,92,93,92,89,90,92,95,90,87,89,98,94,88,93,90,90,91,92,96,95,92,86,92,85,91,87,91,86,88,91,91,95,89,91,89,93,89,91,94,87,92,90,88,89,93,93,85,84,85,89,91,85,83,82,91,88,91,84,92,95,89,87,88,87,94,93,90,88,90,92,89,88,95,95,94,93,89,93,92,97,90,86,96,91,96,95,89,92,89,86,86,87,93,89,90,94,92,96,96,92,92,93,91,89,89,88,93,89,87,90,89,89,88,88,
6,2,58,89,93,96,93,92,91,88,83,91,90,87,91,94,91,88,92,89,91,89,91,91,86,89,84,88,89,89,87,92,88,96,93,88,94,87,91,86,84,90,87,89,93,86,94,91,89,88,85,88,88,92,87,91,91,88,93,90,93,88,90,93,90,85,87,90,91,90,93,95,84,83,86,83,90,85,91,94,95,89,98,88,90,79,90,84,88,94,92,93,91,94,80,97,92,91,94,87,89,94,87,93,90,93,92,94,96,90,91,93,89,93,90,90,87,91,93,92,91,97,90,96,89,88,91,91,87,90,93,90,88,83,91,88,87,94,96,91,91,90,94,89,88,89,91,88,88,93,90,91,88,96,89,93,95,90,89,87,94,92,92,96,96,88,95,88,89,90,93,83,93,89,93,91,95,88,94,91,90,85,91,90,92,94,83,93,87,93,89,91,89,92,86,91,91,86,93,91,
8,1,4,1,1,0,0,0,0,0,0,0,0,0,0,12,89,95,90,89,92,90,79,92,94,90,93,90,94,90,90,90,89,94,91,90,93,88,90,88,84,85,91,89,88,94,87,84,90,89,91,90,92,93,91,91,85,96,93,90,88,87,89,91,88,93,93,92,94,90,89,89,88,92,96,93,92,93,90,89,90,88,89,86,91,93,92,90,90,86,88,91,93,90,93,92,86,94,89,85,92,94,89,94,89,93,90,89,90,81,91,86,88,87,88,83,90,91,93,93,90,85,90,93,92,89,85,88,87,91,83,88,90,93,95,87,87,84,86,88,93,89,87,92,88,93,91,91,91,91,93,94,94,94,91,93,79,86,92,88,91,91,88,84,91,88,83,90,90,87,87,90,87,92,85,88,95,87,93,89,91,88,85,94,88,93,86,96,89,88,90,91,86,81,93,90,90,92,90,91,
5,4,51,87,87,89,83,87,89,92,91,90,82,87,89,87,79,76,83,83,87,90,85,83,88,90,93,87,91,93,89,91,92,92,87,91,89,88,87,86,94,88,86,90,85,89,95,93,97,91,94,90,91,90,86,90,94,94,92,94,95,94,94,96,97,92,97,96,91,90,91,94,89,93,93,88,92,90,88,84,88,93,93,92,93,89,90,92,91,89,85,90,91,92,90,91,94,92,90,93,91,91,94,94,86,92,95,90,92,87,89,90,92,95,86,94,91,91,93,87,92,96,92,94,87,88,93,95,93,90,89,91,88,87,88,88,92,96,87,94,94,88,88,91,90,92,88,95,89,87,92,91,91,91,90,88,93,86,88,87,89,92,94,91,86,93,87,89,91,86,88,92,90,86,87,88,85,88,93,85,91,84,95,86,91,92,94,91,89,94,89,91,90,88,84,89,87,85,87,86,
6,4,1,0,0,0,0,66,90,86,87,92,91,91,90,86,90,92,90,89,86,89,90,88,88,94,86,92,92,95,93,89,89,94,90,88,85,86,86,91,88,92,92,89,88,87,92,89,87,88,89,87,89,84,87,93,90,84,87,87,89,90,91,90,87,87,89,84,91,90,87,87,92,93,89,94,91,95,91,92,86,85,93,91,93,88,90,88,85,91,85,89,95,93,91,86,89,93,88,86,87,91,90,88,85,88,91,96,85,89,90,92,88,89,86,90,87,92,93,84,92,91,92,96,85,93,89,94,97,93,89,91,93,91,94,91,92,84,90,92,92,86,92,91,88,94,94,93,89,89,94,92,86,89,89,88,90,95,93,86,91,88,81,83,89,87,89,82,88,87,90,89,89,86,90,90,86,91,94,88,89,91,93,89,91,92,98,90,89,95,90,87,95,92,84,92,89,89,84,84,
4,2,17,82,96,86,95,90,88,92,87,86,90,90,94,85,85,91,84,89,93,88,86,88,88,92,90,80,85,88,89,90,88,97,95,92,82,88,86,88,93,89,88,86,89,92,91,86,88,91,97,92,91,90,86,91,93,91,88,85,85,90,86,89,91,89,93,83,88,86,91,94,91,87,90,87,85,90,90,90,91,92,88,94,95,86,91,92,91,91,87,88,94,91,92,91,87,90,95,91,88,91,94,97,79,90,90,84,90,84,87,91,94,96,86,96,88,89,84,93,92,93,95,90,94,92,87,86,85,92,76,88,93,89,82,92,92,84,91,87,91,93,92,93,93,94,87,91,90,92,92,88,95,91,89,92,91,95,90,91,92,93,90,94,94,92,87,86,86,91,88,86,88,88,92,84,89,91,85,95,94,88,86,92,89,87,90,91,90,90,93,85,87,92,90,92,88,82,86,95,
9,0,0,1,0,0,0,0,0,0,0,0,0,0,0,0,0,0,0,40,93,86,89,93,96,94,87,85,88,94,92,90,88,91,92,95,95,90,93,83,85,94,92,93,91,84,85,91,85,92,93,91,92,91,93,92,93,89,89,90,86,87,87,91,92,91,89,87,88,81,94,90,85,83,90,79,93,94,91,91,91,90,94,92,92,92,79,89,89,89,93,89,94,89,89,92,88,91,85,89,90,86,91,89,87,92,97,89,90,94,94,88,93,86,85,91,96,93,91,87,93,93,93,90,94,90,91,92,94,90,89,91,90,92,84,92,83,90,95,90,92,84,91,90,89,90,89,92,91,96,90,92,90,89,91,94,93,93,83,87,86,94,91,85,84,91,91,89,94,91,84,93,90,92,95,93,91,91,93,89,83,90,88,92,90,90,91,90,89,91,86,92,86,85,89,89,88,89,89,92,
3,0,2,0,20,89,80,93,86,92,85,95,92,93,85,89,93,91,89,85,91,92,92,96,96,89,88,86,88,92,89,92,91,89,88,94,88,88,89,89,90,89,89,93,86,80,91,83,92,86,93,84,91,88,91,82,84,92,94,89,90,95,92,90,89,87,97,88,93,91,94,87,91,90,88,90,92,87,83,93,86,80,82,80,89,89,93,86,89,90,88,85,85,89,93,89,90,88,94,86,90,85,88,88,90,92,83,84,93,89,94,88,92,96,93,93,92,89,86,88,88,84,86,86,87,87,81,81,90,84,82,87,88,90,85,83,91,90,89,85,91,88,83,90,87,91,93,92,87,90,90,89,90,86,95,94,91,95,94,87,86,89,96,88,86,91,94,93,88,95,93,93,88,95,90,84,87,90,90,92,83,90,87,91,86,92,92,93,95,93,94,89,88,90,86,89,92,94,94,88,
6,0,2,0,1,0,20,92,94,90,89,91,86,89,83,93,92,90,92,95,92,93,96,90,88,85,88,87,91,85,86,90,88,85,89,89,88,90,91,90,90,97,91,90,93,91,95,89,89,96,90,85,97,95,87,88,92,88,91,94,87,89,90,96,87,96,88,93,87,91,89,95,96,93,92,94,92,95,91,86,89,91,94,87,90,86,92,88,90,95,89,90,89,91,92,87,91,94,89,92,91,90,95,94,94,89,88,88,90,89,89,88,87,89,89,92,88,91,90,85,93,88,94,93,89,92,89,94,93,93,90,86,88,89,92,93,84,85,87,93,89,89,89,95,96,84,92,84,86,93,91,90,90,85,90,93,85,91,91,86,88,88,87,87,89,93,88,89,91,89,90,86,91,93,89,83,83,88,91,84,88,81,79,88,87,88,94,80,91,93,95,93,90,89,89,92,93,89,94,90,
8,41,81,87,90,86,83,89,87,86,89,89,93,84,90,92,93,88,89,84,79,88,86,92,83,78,77,89,84,89,86,84,91,82,90,86,92,89,90,89,82,92,90,90,92,84,83,90,91,86,86,88,90,87,90,86,86,85,87,93,87,87,89,93,92,89,88,85,91,89,93,94,88,91,93,91,84,84,89,85,91,89,86,87,87,85,90,87,88,92,96,89,91,87,86,89,83,90,90,94,94,87,90,87,87,87,83,87,84,84,86,85,91,83,88,85,87,94,85,85,87,90,87,88,83,84,85,90,83,89,87,82,84,90,87,85,89,86,92,84,81,82,91,86,84,85,78,81,81,87,90,84,92,88,82,87,88,84,83,87,91,90,91,88,89,84,90,90,90,88,87,84,90,88,90,86,89,85,83,88,90,91,92,81,88,85,83,86,82,81,86,89,90,89,89,91,85,86,87,87,
6,5,84,83,90,84,86,87,87,89,86,87,92,93,90,91,80,91,88,79,88,83,81,88,82,92,84,81,85,83,87,86,92,86,75,90,89,82,87,82,82,93,88,91,92,85,86,90,93,81,83,85,90,84,86,91,93,91,85,88,78,93,87,89,90,89,87,88,85,84,96,96,89,93,86,90,86,81,85,88,90,90,81,79,81,85,86,93,84,85,88,87,88,90,87,85,89,84,75,85,84,84,84,85,85,80,82,85,85,88,77,86,90,88,85,82,90,89,86,79,91,88,84,94,85,84,85,79,86,84,78,84,86,77,81,82,86,87,86,88,88,85,87,86,90,88,84,78,86,84,83,89,85,80,78,91,89,86,78,85,84,83,89,90,88,90,89,80,88,85,86,83,80,86,87,79,89,89,89,87,87,87,87,93,84,80,91,90,82,83,88,90,89,92,89,85,80,90,89,92,
7,1,0,51,90,88,86,88,88,88,91,89,85,87,88,87,89,84,88,84,85,85,88,91,93,89,82,83,86,88,81,90,86,87,84,89,88,90,91,85,83,90,87,90,88,74,78,79,82,88,88,83,87,94,87,91,89,84,86,88,92,88,86,85,86,86,84,77,85,89,86,89,87,93,88,89,80,91,89,88,88,90,84,92,88,82,81,88,83,88,82,82,86,86,94,85,88,82,88,88,85,85,85,86,86,88,92,85,94,89,91,89,83,83,85,89,86,89,83,86,88,89,89,84,90,89,77,85,80,84,81,86,82,85,86,93,88,90,90,88,87,87,87,87,93,92,81,85,88,84,85,88,93,92,87,93,87,81,90,83,89,87,82,88,87,80,82,88,88,87,86,82,86,86,86,79,86,84,87,90,89,81,88,90,84,82,86,82,86,89,88,89,86,85,91,91,82,86,85,79,
10,54,87,76,79,84,91,85,86,88,89,88,82,89,85,86,82,93,84,90,87,90,91,84,88,89,90,86,86,88,88,82,89,88,88,90,90,84,84,91,87,85,83,89,82,85,89,93,87,89,83,93,89,86,83,89,80,87,89,88,87,90,90,85,91,87,87,85,89,88,84,86,90,86,90,81,91,82,91,85,84,82,81,88,85,86,90,85,77,87,81,85,94,90,82,87,80,90,84,87,90,82,88,86,87,90,89,92,85,79,88,84,84,83,88,89,86,85,88,81,88,83,85,91,87,80,83,88,86,93,95,86,87,90,87,82,92,95,86,84,86,88,85,79,84,83,81,91,90,86,82,87,89,87,83,83,88,85,87,91,80,86,91,83,92,87,86,85,79,90,75,85,91,89,87,91,81,89,82,88,91,83,89,84,86,82,92,84,88,86,85,88,89,90,86,82,83,78,85,80,
6,1,2,69,85,88,84,88,89,85,82,87,86,91,87,90,87,92,87,83,85,87,87,88,90,89,91,87,87,78,87,83,86,90,88,89,84,89,85,87,89,84,84,89,92,86,88,91,89,83,84,86,80,85,85,93,82,92,87,92,90,87,84,86,82,89,88,89,85,85,76,90,87,84,90,86,87,83,88,87,91,91,89,85,93,89,86,93,87,86,88,94,87,86,86,77,87,89,83,93,90,93,89,88,88,85,89,93,87,82,86,83,84,93,85,88,86,85,92,85,90,83,87,86,90,89,91,87,86,88,90,88,95,86,84,90,82,90,84,86,84,86,85,86,88,88,89,82,88,84,87,86,83,85,90,87,87,81,81,85,88,82,87,86,81,86,93,85,80,88,87,86,81,80,86,87,86,87,88,87,83,86,84,93,83,76,87,83,83,89,90,89,84,91,82,88,83,86,89,87,
7,76,76,78,89,89,88,87,91,86,91,85,86,91,83,91,89,85,89,88,87,89,93,92,88,91,93,91,88,91,89,91,83,83,85,93,82,81,83,84,85,85,81,86,84,82,88,85,82,89,86,82,90,81,87,91,91,86,80,93,93,81,94,90,89,81,84,89,90,84,89,90,84,85,88,89,87,85,82,85,82,92,86,85,88,90,87,84,87,87,85,83,83,87,89,83,83,83,80,88,89,92,94,84,91,87,90,89,90,87,86,94,90,83,86,91,86,83,89,84,86,87,93,83,91,90,77,88,79,83,88,77,86,88,90,86,85,88,83,86,89,93,85,85,91,94,89,85,88,87,76,90,86,82,84,84,80,84,84,83,83,85,85,82,80,86,90,89,86,86,88,85,87,88,89,89,84,90,91,87,84,90,90,90,89,90,82,88,79,87,87,86,83,80,86,91,89,87,85,84,
7,5,0,22,85,84,78,88,91,80,80,86,94,87,89,90,84,85,90,91,91,89,85,91,87,84,80,84,88,80,85,89,88,88,87,87,89,87,82,84,91,88,94,88,82,84,87,91,88,86,88,81,91,82,90,90,88,84,90,90,86,82,91,85,89,87,81,83,84,87,84,79,95,81,90,78,89,87,81,81,89,94,91,94,90,90,92,87,85,87,84,90,90,88,92,93,84,81,87,90,87,83,91,76,89,85,85,82,85,90,85,86,89,86,87,90,87,92,88,88,86,89,78,89,89,89,85,82,87,87,83,86,88,83,88,90,94,84,83,88,90,86,87,87,85,87,89,88,91,86,87,80,87,93,86,91,80,81,82,89,76,86,85,88,83,87,79,86,86,95,86,87,86,86,90,89,89,90,88,85,92,91,87,85,86,93,92,86,87,90,82,89,85,91,91,89,84,89,88,88,
2,0,9,88,87,87,89,89,87,86,80,84,87,82,86,85,89,78,84,88,85,82,86,88,93,86,79,82,80,83,90,86,89,85,82,92,88,83,89,89,86,85,84,86,88,86,87,86,92,80,82,88,84,80,89,86,90,80,86,85,85,84,84,82,82,89,79,82,86,87,79,82,91,85,89,85,88,83,85,88,84,80,85,89,87,85,87,86,92,78,85,89,83,85,84,92,88,92,82,92,92,88,95,91,88,78,91,92,87,82,80,88,85,94,89,82,89,87,85,90,83,80,85,86,83,83,86,77,91,82,95,76,85,90,80,86,86,83,88,87,77,88,88,82,83,95,86,93,88,87,86,88,87,89,85,91,91,85,86,85,84,86,82,87,87,91,90,87,92,87,79,83,80,89,86,86,80,91,83,88,92,84,89,80,90,85,88,84,81,89,87,84,83,89,93,91,85,85,90,87,
2,3,2,85,84,84,86,87,90,86,87,86,88,91,89,88,92,82,89,89,81,83,85,85,83,77,90,94,87,87,87,85,81,86,87,89,86,91,90,87,79,86,87,88,77,88,91,86,91,87,85,91,86,86,88,86,91,74,84,86,92,89,86,87,82,83,81,83,91,87,91,84,77,86,86,91,92,84,92,86,84,82,85,86,86,94,76,85,85,93,82,87,89,82,83,87,89,84,87,87,86,84,89,80,86,87,85,84,88,90,85,87,85,79,79,83,86,81,93,85,76,90,92,90,91,90,80,84,83,88,90,90,88,89,85,91,88,84,85,85,81,91,88,88,84,86,87,88,90,88,89,88,86,91,95,91,93,88,91,89,93,88,85,94,81,85,90,86,86,92,89,86,87,87,93,87,81,88,84,83,86,83,90,83,86,88,89,85,93,93,82,85,83,85,83,84,84,83,84,81,
9,6,1,0,47,82,90,92,94,94,88,92,88,89,86,89,87,93,86,81,87,85,84,88,85,85,85,88,85,84,89,88,92,84,84,87,91,87,86,87,90,88,85,85,84,84,80,87,81,89,86,84,92,88,93,91,87,83,82,92,87,91,74,90,86,89,87,95,83,83,83,88,85,86,84,85,88,90,86,90,88,88,86,88,90,87,93,90,88,85,91,84,90,89,90,84,87,90,83,88,85,91,84,86,88,85,90,84,85,85,80,87,91,87,92,89,87,89,86,90,81,88,87,85,86,86,84,92,88,90,90,87,91,93,88,86,91,85,82,86,89,86,82,80,82,87,88,88,86,88,85,80,93,89,89,80,85,89,88,90,88,85,95,92,85,84,90,85,90,83,92,88,89,86,86,89,93,89,86,84,82,79,90,78,88,88,81,89,84,85,82,85,80,83,87,85,92,87,85,93,
1,0,0,0,1,0,0,0,0,0,0,0,0,0,0,0,0,0,0,0,0,0,0,0,0,0,0,0,0,0,0,0,0,0,0,0,0,0,0,0,0,0,0,0,0,0,0,0,0,0,0,0,0,0,0,0,0,0,0,0,0,0,0,0,0,0,0,0,0,0,0,0,0,0,0,0,0,0,0,0,0,0,0,0,0,0,0,0,0,0,0,0,0,0,0,0,0,0,0,0,0,0,0,0,0,0,0,0,0,0,0,0,0,0,0,0,0,0,0,0,0,0,0,0,0,0,0,0,0,0,0,0,0,0,0,0,0,0,0,0,0,0,0,0,0,0,0,0,0,0,0,0,0,0,0,0,0,0,0,0,0,0,0,0,0,0,0,0,0,0,0,0,0,0,0,0,0,0,0,0,0,0,0,0,0,0,0,0,0,0,0,0,0,0,0,0,0,0,0,0,
0,0,1,0,0,0,1,0,0,0,0,0,0,0,0,0,0,1,0,0,0,0,0,0,0,0,0,0,0,0,0,0,0,0,0,0,0,0,0,0,0,0,0,0,0,0,0,0,0,0,0,0,0,0,0,0,0,0,0,0,0,0,0,0,0,0,0,0,0,0,0,0,0,0,0,0,0,0,0,0,0,0,0,0,0,0,0,0,0,0,0,0,0,0,0,0,0,0,0,0,0,0,0,0,0,0,0,0,0,0,0,0,0,0,0,0,0,0,0,0,0,0,0,0,0,0,0,0,0,0,0,0,0,0,0,0,0,0,0,0,0,0,0,0,0,0,0,0,0,0,0,0,0,0,0,0,0,0,0,0,0,0,0,0,0,0,0,0,0,0,0,0,0,0,0,0,0,0,0,0,0,0,0,0,0,0,0,0,0,0,0,0,0,0,0,0,0,0,0,0,
1,0,1,0,0,0,0,0,0,0,0,0,0,0,0,0,0,0,0,0,0,0,0,0,0,0,0,0,0,0,0,0,0,0,0,0,0,0,0,0,0,0,0,0,0,0,0,0,0,0,0,0,0,0,0,0,0,0,0,0,0,0,0,0,0,0,0,0,0,0,0,0,0,0,0,0,0,0,0,0,0,0,0,0,0,0,0,0,0,0,1,0,0,0,0,0,0,0,0,0,0,0,0,0,0,0,0,0,0,0,0,0,0,0,0,0,0,0,0,0,0,0,0,0,0,0,0,0,0,0,0,0,0,0,0,0,0,0,0,0,0,0,0,0,0,0,0,0,0,0,0,0,0,0,0,0,0,0,0,0,0,0,0,0,0,0,0,0,0,0,0,0,0,0,0,0,0,0,0,0,0,0,0,0,0,0,0,0,0,0,0,0,0,0,0,0,0,0,0,0,
0,0,1,0,0,0,0,0,0,0,0,0,0,0,0,0,0,0,0,0,0,0,0,0,0,0,0,0,0,0,0,0,0,0,0,0,0,0,0,0,0,0,0,0,0,0,0,0,0,0,0,0,0,0,0,0,0,0,0,0,0,0,0,0,0,0,0,0,0,0,0,0,0,0,0,0,0,0,0,0,0,0,0,0,0,0,0,0,0,0,0,0,0,0,0,0,0,0,0,0,0,0,0,0,0,0,0,0,0,0,0,0,0,0,0,0,0,0,0,0,0,0,0,0,0,0,0,0,0,0,0,0,0,0,0,0,0,0,0,0,0,0,0,0,0,0,0,0,0,0,0,0,0,0,0,0,0,0,0,0,0,0,0,0,0,0,0,0,0,0,0,0,0,0,0,0,0,0,0,0,0,0,0,0,0,0,0,0,0,0,0,0,0,0,0,0,0,0,0,0,
2,1,0,0,0,0,0,0,0,0,0,0,0,0,0,0,0,0,0,0,0,0,0,0,0,0,0,0,0,0,0,0,0,0,0,0,0,0,0,0,0,0,0,0,0,0,0,0,0,0,0,0,0,0,0,0,0,0,0,0,0,0,0,0,0,0,0,0,0,0,0,0,0,0,0,0,0,0,0,0,0,0,0,0,0,0,0,0,0,0,0,0,0,0,0,0,0,0,0,0,0,0,0,0,0,0,0,0,0,0,0,0,0,0,0,0,0,0,0,0,0,0,0,0,0,0,0,0,0,0,0,0,0,0,0,0,0,0,0,0,0,0,0,0,0,0,0,0,0,0,0,0,0,0,0,0,0,0,0,0,0,0,0,0,0,0,0,0,0,0,0,0,0,0,0,0,0,0,0,0,0,0,0,0,0,0,0,0,0,0,0,0,0,0,0,0,0,0,0,0,
2,0,0,0,0,0,0,0,0,0,0,0,0,0,0,0,0,0,0,0,0,0,0,1,0,0,0,0,0,0,0,0,0,0,0,0,0,0,0,0,0,0,0,0,0,0,0,0,0,0,0,0,0,0,0,0,0,0,0,0,0,0,0,0,0,0,0,0,0,0,0,0,0,0,0,0,0,0,0,0,0,0,0,0,0,0,0,0,0,0,0,0,0,0,0,0,0,0,0,0,0,0,0,0,0,0,0,0,0,0,0,0,0,0,0,0,0,0,0,0,0,0,0,0,0,0,0,0,0,0,0,0,0,0,0,0,0,0,0,0,0,0,0,0,0,0,0,0,0,0,0,0,0,0,0,0,0,0,0,0,0,0,0,0,0,0,0,0,0,0,0,0,0,0,0,0,0,0,0,0,0,0,0,0,0,0,0,0,0,0,0,0,0,0,0,0,0,0,0,0,
0,0,0,1,0,0,0,0,0,0,0,0,0,0,0,0,0,0,0,0,0,0,0,0,0,0,0,0,0,0,0,0,0,0,0,0,0,0,0,0,0,0,0,0,0,0,0,0,0,0,0,0,0,0,0,0,0,0,0,0,0,0,0,0,0,0,0,0,0,0,0,0,0,0,0,0,0,0,0,0,0,0,0,0,0,0,0,0,0,0,0,0,0,0,0,0,0,0,0,0,0,0,0,0,0,0,0,0,0,0,0,0,0,0,0,0,0,0,0,0,0,0,0,0,0,0,0,0,0,0,0,0,0,0,0,0,0,0,0,0,0,0,0,0,0,0,0,0,0,0,0,0,0,0,0,0,0,0,0,0,0,0,0,0,0,0,0,0,0,0,0,0,0,0,0,0,0,0,0,0,0,0,0,0,0,0,0,0,0,0,0,0,0,0,0,0,0,0,0,0,
1,2,0,0,0,0,0,0,0,0,0,0,0,0,0,0,0,0,0,0,0,0,0,0,0,0,0,0,0,0,0,0,0,0,0,0,0,0,0,0,0,0,0,0,0,0,0,0,0,0,0,0,0,0,0,0,0,0,0,0,0,0,0,0,0,0,0,0,0,0,0,0,0,0,0,0,0,0,0,0,0,0,0,0,0,0,0,0,0,0,0,0,0,0,0,0,0,0,0,0,0,0,0,0,0,0,0,0,0,0,0,0,0,0,0,0,0,0,0,0,0,0,0,0,0,0,0,0,0,0,0,0,0,0,0,0,0,0,0,0,0,0,0,0,0,0,0,0,0,0,0,0,0,0,0,0,0,0,0,0,0,0,0,0,0,0,0,0,0,0,0,0,0,0,0,0,0,0,0,0,0,0,0,0,0,0,0,0,0,0,0,0,0,0,0,0,0,0,0,0,
1,2,1,1,0,0,0,0,0,0,0,0,0,0,0,0,0,0,0,0,0,0,0,0,0,0,0,0,0,0,0,0,0,0,0,0,0,0,0,0,0,0,0,0,0,0,0,0,0,0,0,0,0,0,0,0,0,0,0,0,0,0,0,0,0,0,0,0,0,0,0,0,0,0,0,0,0,0,0,0,0,0,0,0,0,0,0,0,0,0,0,0,0,0,0,0,0,0,0,0,0,0,0,0,0,0,0,0,0,0,0,0,0,0,0,0,0,0,0,0,0,0,0,0,0,0,0,0,0,0,0,0,0,0,0,0,0,0,0,0,0,0,0,0,0,0,0,0,0,0,0,0,0,0,0,0,0,0,0,0,0,0,0,0,0,0,0,0,0,0,0,0,0,0,0,0,0,0,0,0,0,0,0,0,0,0,0,0,0,0,0,0,0,0,0,0,0,0,0,0,
0,0,0,1,0,1,0,0,0,0,0,0,0,0,0,0,0,0,0,0,0,0,0,0,0,0,0,0,0,0,0,0,0,0,0,0,0,0,0,0,0,0,0,0,0,0,0,0,0,0,0,0,0,0,0,0,0,0,0,0,0,0,0,0,0,0,0,0,0,0,0,0,0,0,0,0,0,0,0,0,0,0,0,0,0,0,0,0,0,0,0,0,0,0,0,0,0,0,0,0,0,0,0,0,0,0,0,0,0,0,0,0,0,0,0,0,0,0,0,0,0,0,0,0,0,0,0,0,0,0,0,0,0,0,0,0,0,0,0,0,0,0,0,0,0,0,0,0,0,0,0,0,0,0,0,0,0,0,0,0,0,0,0,0,0,0,0,0,0,0,0,0,0,0,0,0,0,0,0,0,0,0,0,0,0,0,0,0,0,0,0,0,0,0,0,0,0,0,0,0,
14,7,2,3,2,0,2,1,0,1,0,0,0,1,0,1,0,1,0,0,0,0,1,0,0,1,0,0,0,0,1,0,0,0,0,0,0,0,0,0,0,0,0,0,0,1,0,0,0,0,0,0,0,0,0,0,0,0,0,0,0,0,0,0,0,0,0,0,0,1,0,1,0,0,0,0,0,0,0,0,0,0,0,0,0,0,0,0,0,0,0,0,0,0,0,0,0,0,0,0,0,0,0,0,0,0,0,0,0,0,1,0,0,0,0,0,0,0,0,0,0,0,0,0,0,0,0,1,0,0,0,0,0,0,1,0,0,0,0,0,0,0,0,0,0,0,0,0,0,0,0,0,0,0,0,0,0,0,0,0,0,0,0,0,0,0,0,0,0,0,0,0,0,0,0,0,0,0,0,0,0,0,0,0,0,0,0,0,0,0,0,0,0,0,0,0,0,0,0,0,
17,6,5,3,2,3,3,3,1,1,0,0,0,0,0,0,0,0,0,0,0,0,0,0,0,0,1,0,0,0,0,0,0,0,0,0,0,0,0,0,1,0,0,0,0,0,0,0,0,0,0,0,0,0,0,0,0,0,0,0,0,1,0,0,0,0,0,0,0,0,0,0,0,0,0,0,0,0,0,0,0,0,1,0,0,0,0,0,0,0,0,0,0,1,1,0,0,0,0,0,0,0,0,0,0,0,0,0,0,0,0,0,0,0,0,0,0,0,0,0,0,0,0,0,0,0,0,0,0,0,0,0,0,0,0,0,0,0,0,0,0,0,0,1,0,0,0,0,0,0,0,0,0,0,0,0,0,0,0,0,0,0,0,0,0,0,0,0,0,0,0,0,0,0,0,0,0,0,0,0,0,0,0,0,0,0,0,0,0,0,0,0,0,0,0,0,0,0,0,0,
11,9,2,4,1,0,1,1,2,0,1,1,1,1,1,0,1,0,0,0,0,0,0,1,1,1,0,0,0,0,1,0,0,0,0,0,0,0,0,0,0,0,0,0,0,0,0,0,0,0,0,0,1,0,0,0,0,0,0,0,0,0,0,0,0,0,0,0,0,0,0,0,0,0,0,0,0,0,0,0,0,0,0,0,0,0,0,0,0,0,0,0,0,0,0,0,0,0,0,0,0,0,0,0,0,0,0,0,0,0,0,0,1,0,0,0,0,0,0,0,0,0,0,0,0,0,0,0,0,0,0,0,0,0,0,0,0,0,0,0,0,0,0,0,0,0,0,0,0,0,0,0,0,0,0,0,0,0,0,0,0,0,0,0,0,0,0,0,0,0,0,0,0,0,0,0,0,0,0,0,0,0,0,0,0,0,0,0,0,0,0,0,0,0,0,0,0,0,0,0,
14,9,3,2,1,0,2,2,1,0,0,0,1,0,0,0,1,0,0,1,0,0,1,0,0,0,1,0,0,1,0,0,0,0,0,0,0,0,0,0,0,0,0,1,0,0,0,0,0,0,0,0,0,0,0,0,1,0,0,0,0,0,0,0,0,0,0,0,0,0,0,0,0,0,0,0,0,0,0,0,0,0,0,0,0,0,0,0,0,0,0,0,0,0,0,0,0,0,0,0,0,0,0,0,0,0,0,0,0,0,0,0,0,0,0,1,0,0,0,0,0,0,0,0,0,0,0,0,0,0,0,0,0,0,0,0,0,0,0,0,0,0,0,0,0,0,0,0,0,0,0,0,0,0,0,0,0,0,0,0,0,0,0,0,0,0,0,0,0,0,0,0,0,0,0,0,0,0,0,0,0,0,0,0,0,0,0,0,0,0,0,0,0,0,0,0,0,0,0,0,
15,3,7,4,1,2,0,0,4,0,1,1,0,1,0,1,0,0,0,0,0,0,0,0,0,0,0,0,0,0,0,0,0,0,0,0,0,0,0,0,0,0,0,0,0,0,0,0,0,0,0,0,0,0,0,0,0,0,0,0,0,0,0,0,0,0,0,0,0,0,0,0,0,0,0,0,0,0,0,0,0,0,0,0,1,0,0,0,0,0,0,0,0,0,0,0,0,0,0,0,0,0,0,0,0,0,0,0,0,0,0,0,0,0,0,0,0,0,0,0,0,0,0,0,0,0,0,0,0,0,0,0,0,0,0,0,0,0,0,0,0,0,0,0,0,0,0,0,0,0,0,0,0,0,0,0,0,0,0,0,0,0,0,0,0,0,0,0,0,0,0,0,0,0,0,0,0,0,0,0,0,0,0,0,0,0,0,0,0,0,0,0,0,0,0,0,0,0,0,0,
11,7,4,2,1,1,0,3,2,0,0,0,1,0,0,0,1,0,0,0,1,0,0,0,0,0,1,0,0,0,0,0,0,0,0,0,0,0,0,0,0,1,0,0,0,0,0,0,0,0,0,0,0,0,0,0,0,0,0,0,0,0,0,0,0,0,0,0,0,0,0,0,0,0,0,1,0,0,0,0,0,0,0,0,0,0,0,0,0,0,0,0,0,0,0,0,0,0,0,0,0,0,0,0,0,0,0,0,0,0,0,0,0,0,0,0,0,0,0,0,0,0,0,0,0,0,0,0,0,0,0,0,0,0,0,0,0,0,0,0,0,0,0,0,0,0,0,0,0,0,0,0,0,0,0,0,1,0,0,0,0,0,0,0,0,0,0,0,0,0,0,0,0,0,0,0,0,0,0,0,0,1,0,0,0,0,0,0,0,0,0,0,0,0,0,0,0,0,0,0,
15,6,6,4,1,2,0,2,1,0,0,2,0,0,0,0,0,0,0,0,0,0,0,0,1,0,0,0,0,0,2,0,0,0,0,0,0,0,0,0,0,0,0,0,0,0,0,0,0,0,0,0,0,0,0,0,0,0,0,0,0,0,0,0,0,0,0,0,0,0,0,1,0,0,0,0,0,0,0,0,0,0,0,1,0,0,0,0,0,0,0,0,0,0,0,0,0,0,0,0,0,0,0,0,0,0,0,0,0,0,0,0,0,0,0,0,0,0,0,0,0,0,0,0,0,0,0,0,0,0,0,0,0,0,0,0,0,0,0,0,0,0,0,0,0,0,0,0,0,0,0,0,0,0,0,0,0,1,0,0,0,0,0,0,0,0,0,0,0,0,0,0,0,0,0,0,0,0,0,0,0,0,0,0,0,0,0,0,0,0,0,0,0,0,0,0,0,0,0,0,
10,9,6,3,0,2,3,1,1,0,1,1,0,0,1,1,0,0,0,0,0,0,0,0,0,1,0,0,1,0,0,0,0,0,1,0,0,1,0,0,0,0,0,0,1,0,0,1,0,0,0,0,0,0,0,0,0,0,0,0,0,0,0,0,0,0,0,0,0,0,0,0,0,0,0,0,0,0,0,0,0,0,0,0,0,0,0,0,0,0,0,0,0,0,0,0,0,0,0,0,0,0,0,0,0,0,0,0,0,0,1,0,1,0,0,0,0,0,0,0,0,0,0,0,0,0,0,0,0,0,0,0,0,0,0,0,0,0,0,0,0,0,0,0,0,0,0,0,0,0,0,0,0,0,0,0,0,0,0,0,0,0,0,0,1,0,0,0,0,0,0,0,0,0,0,0,0,0,0,0,0,0,0,0,0,0,0,0,0,0,0,0,0,0,0,0,0,0,0,0,
8,9,5,1,2,3,2,0,1,0,0,0,0,0,2,1,0,1,0,0,0,0,0,1,0,0,0,0,0,0,0,0,0,0,0,1,1,0,1,0,0,0,0,0,0,0,0,0,0,0,0,0,0,0,1,0,1,0,0,0,0,0,1,0,0,0,0,1,0,0,0,0,0,0,0,0,0,0,0,0,0,0,0,0,0,0,0,0,0,0,0,0,0,0,0,0,0,0,0,0,0,0,0,0,0,0,0,0,0,0,0,0,0,0,1,0,0,0,0,0,0,0,0,0,0,0,0,0,0,0,0,0,0,0,0,0,0,0,0,0,0,0,0,0,0,0,0,0,0,0,0,0,0,0,0,0,0,0,0,0,0,0,0,0,0,0,0,0,0,0,0,0,0,0,0,0,0,0,0,0,0,0,0,0,0,0,0,0,0,0,0,0,0,0,0,0,0,1,0,0,
15,10,3,2,3,1,0,3,1,0,0,0,0,0,1,0,2,0,0,1,0,1,0,0,0,0,1,0,0,0,0,0,0,0,0,0,0,0,0,0,0,0,0,0,0,0,0,0,0,0,0,0,0,0,1,0,0,0,0,0,0,0,0,0,0,0,0,1,0,0,0,0,0,0,0,0,0,0,0,0,0,0,0,0,0,0,0,0,0,0,0,0,0,0,0,0,0,0,0,0,0,0,0,0,0,0,0,1,0,0,0,0,1,0,0,0,0,0,0,0,0,0,0,0,0,0,0,0,0,0,0,0,0,0,0,0,0,0,0,0,0,0,0,0,0,0,0,0,0,0,0,0,0,0,0,0,0,0,0,0,0,0,0,0,0,0,0,0,0,0,0,0,0,1,0,1,0,0,0,0,1,0,0,0,0,0,0,0,0,0,0,0,0,0,0,0,0,0,0,0,
21,12,6,2,1,0,0,1,0,0,0,0,0,0,0,1,0,0,0,0,0,0,0,0,0,0,0,0,0,0,0,0,0,0,0,1,0,0,0,0,0,0,1,0,0,0,0,0,0,1,0,0,0,0,0,0,0,0,0,0,0,0,0,0,0,0,0,0,0,0,0,0,0,0,0,0,0,0,0,0,0,0,0,0,0,0,0,0,0,0,0,0,0,0,0,0,0,0,0,0,0,0,0,0,0,0,0,0,0,0,0,0,0,0,0,0,0,0,0,0,0,0,0,0,0,0,0,0,0,0,0,0,0,0,0,0,0,0,0,0,0,0,0,0,0,0,0,0,0,0,0,0,0,0,0,0,0,0,0,0,0,0,0,0,0,0,0,0,0,0,0,0,0,0,0,0,0,0,0,0,0,0,0,0,0,0,0,0,0,0,0,0,0,0,0,0,0,0,0,0,
8,11,8,6,1,2,1,1,0,1,0,2,0,2,0,0,0,0,0,0,0,0,0,0,0,0,0,1,0,0,0,0,0,0,0,0,0,0,0,0,0,0,0,0,0,0,0,0,0,0,0,0,0,0,0,0,0,0,0,0,0,0,0,0,0,0,0,0,0,0,0,0,1,0,0,0,0,0,0,0,0,0,0,0,0,0,0,0,0,0,0,0,0,0,0,0,0,0,0,0,0,0,0,0,0,0,0,0,0,0,0,0,0,0,0,0,0,0,0,0,0,0,0,0,0,0,0,0,0,0,0,0,0,0,0,0,0,0,0,0,0,0,0,0,0,0,0,0,0,0,0,0,0,0,0,0,0,0,0,0,0,0,0,0,0,0,0,0,0,0,0,0,0,0,0,0,0,0,0,0,0,0,0,0,0,0,0,0,0,0,0,0,0,0,0,0,0,0,0,0,
20,15,9,3,2,3,3,1,2,1,2,0,1,0,0,1,0,1,0,1,0,0,0,0,0,1,0,0,0,1,0,0,0,0,0,0,0,0,0,0,0,0,1,0,0,0,0,0,0,0,0,0,0,0,0,0,0,0,0,0,0,0,0,0,0,0,0,0,0,0,0,0,0,0,0,0,0,0,0,0,0,0,0,0,0,0,0,0,0,0,0,0,0,0,0,0,0,0,0,0,0,0,1,0,0,0,0,0,0,0,0,0,0,0,0,0,0,0,0,0,0,0,0,0,0,0,0,0,0,0,0,0,0,0,0,0,0,0,0,0,0,0,0,0,0,0,0,0,0,0,0,0,0,0,0,0,0,0,0,0,0,0,0,0,0,0,0,0,0,0,0,0,0,0,0,0,0,0,0,0,0,0,0,0,0,0,0,0,0,0,0,0,0,0,0,0,0,0,0,0,
13,10,11,5,3,1,0,1,0,1,1,0,1,0,0,0,0,0,2,0,0,1,0,1,0,1,0,0,0,0,0,0,0,0,0,0,0,1,0,0,0,0,0,0,0,0,0,0,0,0,0,0,0,0,0,0,0,0,0,0,0,0,0,0,0,0,0,0,0,0,1,0,0,0,0,0,0,0,0,0,0,0,0,0,0,0,0,0,0,0,0,0,0,0,0,0,0,0,0,0,0,0,0,0,0,0,0,0,0,0,0,0,0,0,0,0,0,0,0,0,0,0,0,0,0,0,0,0,0,0,0,0,0,0,0,0,0,0,0,0,0,0,0,0,0,0,0,0,0,0,0,0,0,0,0,0,0,0,0,0,0,0,0,0,0,0,0,0,0,0,0,0,0,0,0,0,0,0,0,0,0,0,0,0,0,0,0,0,0,0,0,0,0,0,0,0,0,0,0,0,
15,10,8,4,4,3,0,0,0,2,0,3,0,1,0,1,0,0,0,0,0,0,0,0,0,0,0,0,0,0,0,0,0,0,0,1,0,1,0,0,0,0,0,0,0,0,0,0,0,0,0,0,0,0,0,0,0,0,0,0,0,0,0,0,0,0,0,0,0,0,0,0,0,0,0,0,0,0,0,0,0,0,0,0,0,0,0,0,0,0,0,0,0,0,0,0,0,0,0,0,0,0,0,0,0,0,0,0,0,0,0,0,0,0,0,0,0,0,0,0,0,0,0,0,0,0,0,0,0,0,0,0,0,0,0,0,0,0,0,0,0,0,0,0,0,0,0,0,0,0,0,0,0,0,0,0,0,0,0,0,0,0,0,0,0,0,0,0,0,0,0,0,0,0,0,0,0,0,0,0,0,0,0,0,0,0,0,0,0,0,0,0,0,0,0,0,0,0,0,0,
15,8,9,3,3,1,2,1,0,2,1,0,0,1,0,1,0,0,0,0,0,0,0,1,0,1,0,0,0,0,0,0,0,0,0,0,0,0,0,0,0,0,0,0,0,0,0,0,0,0,0,0,0,0,0,0,0,0,0,0,0,1,0,0,0,0,0,0,0,0,0,0,0,0,0,0,0,0,0,0,0,0,0,0,0,0,0,0,0,0,0,0,0,0,0,0,0,0,0,0,0,0,0,0,0,0,0,0,0,0,0,0,0,0,0,0,0,0,0,0,0,0,0,0,0,0,0,0,0,0,0,0,0,0,0,0,0,0,0,0,0,0,0,0,0,0,0,0,0,0,0,0,0,0,0,0,0,0,0,0,0,0,0,0,0,0,0,0,0,0,0,0,0,0,0,0,0,0,0,0,0,0,0,0,0,0,0,0,0,0,0,0,0,0,0,0,0,0,0,0,
14,9,9,6,4,2,1,0,0,0,0,0,0,0,0,0,0,0,0,0,1,1,0,0,0,0,0,0,0,0,0,0,0,0,0,0,0,0,0,0,0,0,0,0,0,0,0,0,0,1,0,0,0,0,0,0,0,0,0,0,0,0,0,0,0,0,0,1,0,0,0,0,0,0,0,0,0,0,0,0,0,0,0,0,0,0,0,0,0,0,0,0,0,0,0,0,0,0,0,0,0,0,0,0,0,0,0,0,0,0,0,0,0,0,0,0,0,1,0,0,0,0,0,0,0,0,0,0,0,0,0,0,0,0,0,0,0,0,0,0,0,0,0,0,0,0,0,0,0,0,0,0,0,0,0,0,0,0,0,0,0,0,0,0,0,0,0,0,0,0,0,0,0,0,0,0,0,0,0,0,0,0,0,0,0,0,0,0,0,0,0,0,0,0,0,0,0,0,0,0,
20,6,9,2,1,0,1,3,1,0,0,2,1,2,0,0,1,2,0,0,0,0,0,1,0,0,0,1,0,0,0,0,0,0,0,0,0,0,0,0,0,0,1,0,0,0,0,0,0,0,0,0,0,0,0,0,0,0,0,0,0,0,0,0,0,0,0,0,0,0,0,0,0,0,0,0,0,0,0,0,0,0,0,0,0,0,0,0,0,0,0,0,0,0,0,0,0,0,0,0,0,0,0,0,0,0,0,0,0,0,0,0,0,0,0,0,0,0,0,0,0,0,0,0,0,0,0,0,0,0,0,0,0,0,0,0,0,0,0,0,0,0,0,0,0,0,0,0,0,0,0,0,0,0,0,0,0,0,0,0,0,0,0,0,0,0,0,0,0,0,0,0,0,0,0,0,0,0,0,0,0,0,0,0,0,0,0,0,0,0,0,0,0,0,0,0,0,0,0,0,
15,8,11,4,4,0,2,4,0,0,2,0,0,1,0,0,1,0,0,0,0,1,0,0,0,0,0,0,0,0,0,0,0,0,0,0,0,0,0,0,0,0,0,0,0,0,0,0,0,0,0,0,0,0,0,0,0,0,0,0,0,0,0,0,0,0,0,0,0,0,1,0,1,0,0,0,0,0,0,0,0,0,0,0,0,0,0,0,0,0,0,0,0,0,0,0,0,0,0,0,0,0,0,0,0,0,0,0,0,0,0,0,0,0,0,0,0,0,0,0,0,0,0,0,0,0,0,0,0,0,0,0,0,0,0,0,0,0,0,0,0,0,0,1,0,0,0,0,0,0,0,0,0,0,0,0,0,0,0,0,0,0,0,0,0,0,0,0,0,0,0,0,0,0,0,0,0,0,0,0,0,0,0,0,0,0,0,0,0,0,0,0,0,0,0,0,0,0,0,0,
20,5,0,6,2,1,0,1,0,0,0,1,1,1,0,0,0,0,0,1,0,0,1,0,0,0,1,0,0,0,0,0,0,0,0,0,0,1,0,1,0,0,0,0,0,0,0,0,0,0,0,0,0,0,0,0,0,0,0,0,0,0,0,0,0,1,0,0,0,0,0,0,0,0,0,0,0,0,0,0,0,0,0,0,0,0,0,0,0,0,0,0,0,0,0,0,0,0,0,0,0,0,0,0,0,1,0,0,0,0,0,0,0,0,0,0,0,0,0,0,0,0,0,0,0,0,0,0,0,0,0,0,0,0,0,0,0,0,0,0,0,0,0,0,0,0,0,0,0,0,0,0,0,0,0,0,0,0,0,0,0,0,0,0,0,0,0,0,0,0,0,0,0,0,0,0,0,0,0,0,0,0,0,0,0,0,0,0,0,0,0,0,0,0,0,0,0,0,0,0,
23,9,9,0,5,3,2,0,0,1,1,0,1,0,12,42,47,47,34,37,43,44,38,37,35,40,42,43,39,43,45,39,50,43,42,30,36,34,44,44,44,39,48,42,35,44,34,40,40,28,47,31,36,37,41,41,30,34,39,42,34,43,43,41,33,43,42,33,36,41,30,45,38,38,34,43,39,40,30,38,46,41,38,37,38,44,40,36,52,39,39,43,41,35,41,39,40,45,42,39,43,37,46,43,43,41,43,41,41,42,39,49,46,37,36,46,44,42,46,43,43,50,44,44,42,50,36,47,36,42,41,37,30,43,40,39,47,43,48,46,43,38,43,41,38,39,50,38,45,44,41,40,37,48,42,46,42,45,44,44,48,40,37,43,46,38,42,37,43,44,42,43,42,38,47,37,36,41,37,38,37,33,47,45,42,30,43,45,42,43,43,47,40,42,39,40,46,47,36,47,
19,12,7,3,6,2,5,0,1,1,0,0,2,0,1,0,0,37,33,33,38,40,51,47,28,34,40,42,33,36,50,46,36,42,43,34,46,39,46,40,48,41,43,45,38,38,40,47,46,41,39,37,53,43,40,38,34,39,39,40,33,35,28,40,40,38,46,37,39,46,40,41,46,30,44,41,43,34,36,42,40,32,37,36,53,43,36,43,37,47,40,38,43,56,32,45,47,41,36,34,42,42,41,35,40,42,35,38,40,37,41,36,46,44,35,42,39,49,43,39,43,45,42,34,51,40,32,48,36,44,44,38,46,45,39,38,49,38,36,41,34,35,43,55,33,42,37,33,44,41,37,46,36,40,50,48,42,37,42,43,42,38,35,44,47,33,40,40,36,40,39,39,39,35,39,48,41,38,35,37,39,33,41,34,48,40,46,46,43,36,47,44,47,40,34,41,47,43,47,39,
17,12,7,5,3,2,2,0,2,1,1,0,0,0,1,0,0,1,1,0,0,0,0,0,0,0,0,1,0,0,0,0,0,0,0,0,0,0,0,0,0,0,0,15,48,39,37,41,45,42,35,33,35,45,57,35,45,35,48,34,38,42,43,42,43,40,52,43,44,48,42,44,36,44,38,31,36,31,39,53,39,39,41,42,35,46,37,36,39,45,48,39,45,35,35,33,40,42,45,39,34,43,49,46,41,46,37,46,44,37,37,42,33,42,37,40,33,41,35,40,43,40,42,39,44,40,43,28,40,38,46,31,44,41,40,41,41,50,43,43,38,44,40,40,47,38,34,41,40,33,46,44,45,39,40,32,52,49,46,43,43,35,49,37,44,43,39,46,44,36,45,33,35,43,39,40,40,46,36,44,41,29,50,40,48,42,37,39,36,42,42,34,45,51,37,41,45,45,40,37,
22,10,10,9,3,2,2,1,0,1,0,0,1,0,0,0,0,0,1,0,0,1,0,0,0,0,0,0,0,0,0,0,0,0,0,0,0,0,0,0,0,0,0,25,40,41,44,42,37,44,46,38,44,35,49,35,41,43,49,42,48,51,51,35,36,50,44,49,42,43,37,35,47,38,34,33,36,42,39,42,48,37,48,39,34,47,44,51,25,39,45,46,29,33,40,44,48,43,43,49,41,41,40,50,40,45,43,44,37,45,44,41,41,46,41,56,45,50,38,38,43,37,37,40,36,35,42,34,35,44,40,37,39,33,55,40,48,36,45,44,41,39,41,37,35,35,46,39,44,46,43,43,34,43,34,43,41,34,43,31,42,48,41,40,42,52,41,34,50,47,47,40,30,41,40,40,36,44,39,38,37,44,39,49,41,43,42,41,43,32,36,43,36,36,47,54,38,41,39,38,
14,12,5,7,3,0,1,3,1,2,1,0,0,1,1,0,0,1,0,2,0,0,0,0,0,0,0,0,0,0,0,0,0,0,0,0,0,0,0,0,0,0,0,0,0,0,0,0,0,0,0,0,0,0,0,0,0,0,0,0,0,0,0,0,0,0,0,0,0,0,0,0,0,0,0,0,0,0,0,0,0,0,0,0,0,0,0,0,0,0,0,0,0,0,0,0,0,0,0,0,0,0,0,0,0,0,0,0,0,0,0,0,0,0,0,0,0,0,0,0,0,0,0,0,0,0,0,0,0,0,0,0,0,0,0,0,0,0,0,0,0,0,0,0,0,0,0,0,0,0,0,0,0,0,0,0,0,0,0,0,0,0,0,0,0,0,0,0,0,0,0,0,0,0,0,0,0,0,0,0,0,0,0,0,0,0,0,0,0,0,0,0,0,0,0,0,0,0,0,0,
17,8,13,4,2,3,2,4,0,2,0,1,0,1,0,0,0,0,0,0,0,0,0,0,0,0,0,0,0,0,0,0,0,0,0,0,0,0,0,0,0,0,0,0,0,0,0,0,0,0,0,0,0,0,0,0,0,0,0,0,0,0,0,0,0,0,0,0,0,0,0,0,0,0,0,0,0,0,0,0,0,0,0,0,0,0,0,0,19,42,36,33,47,44,43,35,38,41,35,41,49,33,35,38,37,40,45,39,44,42,33,43,36,48,38,40,43,37,39,43,47,36,47,46,42,45,38,38,37,36,41,53,45,41,31,37,42,42,44,34,39,46,31,42,45,34,45,45,45,37,42,43,41,50,46,53,44,37,39,40,36,46,37,44,33,41,40,38,41,36,41,42,36,43,40,37,33,40,43,33,44,49,43,41,39,43,50,35,42,40,48,37,37,39,32,36,42,44,36,39,
23,9,3,6,5,0,2,2,1,0,1,0,0,0,0,1,0,0,0,1,0,0,0,0,0,0,0,0,0,0,0,0,0,0,0,0,0,0,0,29,44,44,33,46,43,47,37,35,34,48,42,45,38,39,43,39,42,38,36,45,45,45,42,50,44,40,41,44,45,40,34,42,40,44,46,46,39,46,41,41,45,49,50,52,39,52,49,48,29,45,37,40,41,43,41,49,43,46,33,38,47,40,46,37,32,43,42,47,36,45,52,39,37,47,48,45,37,48,44,29,31,36,45,43,44,42,42,34,36,36,45,44,51,29,51,40,41,39,36,38,37,37,30,41,46,34,41,44,57,37,38,40,46,42,45,37,50,41,41,38,41,38,39,42,33,44,46,40,42,44,40,38,37,43,43,42,40,43,38,40,48,38,45,46,47,36,50,41,40,42,49,45,51,40,35,40,41,43,53,41,
23,6,8,3,2,3,0,1,0,0,1,0,1,0,0,0,0,0,0,0,0,0,31,35,40,35,47,41,38,46,54,32,40,49,37,36,40,41,48,43,42,38,40,36,47,41,41,42,52,43,34,38,41,41,46,47,37,36,39,32,35,51,46,48,44,45,32,44,39,48,36,44,45,40,48,39,39,46,39,38,43,45,41,44,28,41,39,26,26,42,36,52,44,36,52,45,44,36,36,40,43,42,46,38,46,39,36,41,39,43,51,41,43,38,36,33,45,43,44,38,42,41,42,40,44,44,41,41,37,43,31,31,46,40,45,32,43,39,38,38,42,43,40,27,35,43,48,39,41,41,41,33,43,43,38,31,49,37,34,42,41,44,29,35,38,48,32,37,39,51,38,43,34,40,38,37,42,44,40,48,50,40,52,33,38,47,43,39,37,41,42,45,37,56,40,37,36,41,41,46,
15,11,6,2,2,2,2,0,0,0,0,0,0,0,0,1,0,0,0,0,0,13,43,27,29,36,48,39,43,44,37,37,40,42,38,34,41,39,42,35,30,42,44,41,48,44,30,35,37,35,54,44,32,50,41,49,42,46,38,47,49,40,36,35,37,37,34,43,43,38,48,46,39,38,35,37,48,39,51,36,34,43,51,42,39,40,34,27,38,47,39,42,45,34,46,42,37,37,37,36,38,35,44,40,42,42,42,39,54,40,37,38,40,41,38,44,41,35,52,45,33,42,47,43,39,41,39,44,45,47,41,32,43,45,47,44,34,39,46,43,38,39,42,46,45,44,41,40,33,36,38,37,40,34,35,43,39,34,41,41,39,40,39,36,47,41,51,40,31,31,35,32,46,44,39,48,39,44,38,39,38,37,49,39,28,40,35,46,43,41,37,40,34,36,37,37,40,38,43,38,
20,8,7,4,2,0,0,2,1,4,0,0,0,0,0,0,0,1,0,0,0,0,0,0,0,0,0,0,0,0,0,0,0,0,0,0,0,0,0,0,0,0,0,0,0,0,0,1,0,0,0,0,0,0,0,0,0,0,0,0,0,0,0,0,0,0,0,0,0,0,0,0,0,0,0,0,0,0,0,0,0,0,0,0,0,0,0,0,0,0,0,0,0,0,0,0,0,0,0,0,0,0,0,0,0,0,0,0,0,0,0,0,0,0,0,0,0,0,0,0,0,0,0,0,0,0,0,0,0,0,0,0,0,0,0,0,0,0,0,0,0,0,0,0,0,0,0,0,0,0,0,0,0,0,0,0,0,0,0,0,0,0,0,0,0,0,0,0,0,0,0,0,0,0,0,0,0,0,0,0,0,0,0,0,0,0,0,0,0,0,0,0,0,0,0,0,0,0,0,0,
22,14,9,2,2,0,1,0,4,1,0,0,0,0,0,0,0,2,0,0,0,0,0,0,8,33,37,22,30,27,25,33,32,27,28,29,35,29,29,31,33,36,30,35,40,28,28,35,26,28,27,37,29,31,22,24,30,41,22,29,34,29,33,28,34,31,37,25,31,34,27,30,24,21,26,24,27,23,47,28,31,28,38,31,24,27,36,26,29,28,23,30,28,17,29,32,25,33,31,35,26,27,26,34,27,28,27,24,30,26,20,31,32,31,26,28,38,30,27,27,25,34,29,29,31,22,22,28,21,34,38,24,27,35,27,22,28,32,27,28,32,25,41,23,40,26,28,34,28,32,26,34,26,32,31,35,30,37,26,17,33,27,32,24,31,26,26,37,32,37,26,24,34,31,22,32,34,28,25,34,23,28,26,30,33,30,30,22,31,27,23,32,32,28,30,30,34,27,29,32,
20,12,9,7,3,1,2,1,1,0,0,0,0,0,37,19,36,31,26,26,33,22,36,32,29,25,33,33,38,31,29,40,31,24,34,34,30,26,37,34,27,38,28,30,24,32,29,36,30,31,30,31,27,27,33,34,24,38,26,28,26,35,35,29,35,20,31,28,40,33,30,25,24,24,32,26,34,33,24,29,25,30,32,27,30,31,35,34,25,32,30,27,23,37,27,26,31,34,25,30,33,23,29,37,31,33,34,32,42,31,29,28,32,35,22,28,34,34,37,27,31,18,31,29,27,35,38,27,28,27,43,27,27,22,30,29,34,25,28,36,31,38,32,31,32,36,24,33,29,24,31,24,25,29,42,26,23,31,31,36,31,35,29,21,21,33,29,32,30,26,35,29,34,32,39,29,35,28,33,32,27,28,31,27,31,32,30,25,35,29,26,33,33,32,32,30,33,30,24,24,
15,10,7,1,4,0,1,0,0,1,2,0,0,0,0,1,0,2,0,0,0,0,0,28,34,25,36,30,28,32,23,33,34,35,27,29,26,30,27,26,32,26,26,35,32,29,20,32,37,23,28,40,24,27,34,28,28,26,31,32,35,28,30,19,25,33,33,32,31,30,21,35,31,28,24,29,39,35,32,27,26,34,29,34,31,32,33,27,37,35,30,28,30,31,26,37,30,35,29,27,23,37,34,28,37,33,26,26,38,30,29,37,27,32,29,24,35,30,22,25,31,30,32,38,26,31,33,28,35,25,22,31,36,28,28,26,30,35,28,43,27,25,31,39,31,36,24,35,23,36,25,31,36,30,29,33,28,33,34,34,21,26,20,33,32,26,30,31,29,24,38,32,27,30,38,28,41,26,34,25,26,30,32,30,29,32,25,43,27,30,32,28,29,25,31,26,26,26,28,26,
24,11,8,7,3,1,1,0,1,0,0,0,0,0,0,0,0,0,0,0,0,0,0,0,0,0,0,0,0,0,0,0,20,28,32,29,33,29,26,21,37,27,49,31,36,36,25,37,25,26,24,36,31,32,26,31,26,32,27,29,34,26,19,34,35,31,24,29,27,27,41,26,32,36,34,35,33,24,32,33,37,28,39,39,27,24,29,35,27,27,24,30,28,30,22,25,31,30,25,28,30,20,33,31,28,31,30,29,22,38,30,28,27,29,33,29,38,34,38,33,36,25,28,32,26,26,31,25,29,27,35,19,29,34,26,30,32,26,30,38,35,32,29,27,33,40,28,32,38,27,33,26,33,26,26,25,32,28,33,29,31,29,33,33,27,31,29,24,31,28,27,22,30,27,42,35,32,28,26,30,26,31,29,28,25,30,31,30,26,28,31,25,17,31,39,25,32,30,28,33,
15,7,6,6,3,0,2,0,1,0,0,0,0,2,0,0,0,14,29,19,25,28,36,33,31,11,28,33,29,32,29,24,31,33,32,26,33,25,32,28,24,33,31,35,27,38,33,36,26,25,33,28,39,27,31,33,24,36,28,46,31,31,31,31,24,27,33,31,29,34,41,33,31,28,31,27,39,32,33,33,38,28,33,19,28,34,32,24,32,30,21,36,31,30,28,29,25,34,26,33,32,28,24,28,27,32,39,25,29,25,27,30,32,32,27,25,28,26,30,25,30,32,29,34,32,23,28,27,36,34,43,23,30,37,35,34,32,28,36,36,32,21,23,29,29,34,29,38,32,29,23,37,33,35,20,32,30,33,28,33,34,31,37,30,30,32,26,34,32,31,30,26,37,32,37,37,37,34,25,28,29,39,36,25,33,41,31,28,31,24,26,32,39,30,23,31,32,30,34,34,
20,13,5,2,4,2,1,1,1,0,0,0,3,32,26,37,41,34,35,38,31,38,23,30,29,32,26,29,32,33,29,31,29,31,29,22,27,37,29,33,32,32,30,24,30,29,24,31,21,28,30,29,25,28,36,26,25,30,24,32,34,28,30,30,35,22,35,27,36,28,33,35,34,29,36,26,31,34,43,30,30,29,27,28,33,29,26,30,31,32,29,31,39,32,34,28,33,32,33,32,34,27,36,35,31,34,38,21,35,31,34,34,25,36,32,32,32,28,30,31,34,26,34,34,21,30,30,36,18,34,25,29,35,25,37,24,25,37,35,33,29,37,33,32,29,36,24,31,35,37,31,29,32,31,28,27,31,28,37,30,36,29,30,30,24,28,24,31,35,30,25,32,34,36,36,30,31,31,30,31,32,30,27,24,34,29,29,36,32,27,32,35,28,32,28,35,40,34,34,37,
19,11,11,5,2,2,2,1,15,30,33,27,32,36,38,25,26,36,33,32,21,26,28,34,27,30,29,33,39,34,30,23,35,33,31,29,32,25,27,35,36,26,30,34,32,26,37,33,26,17,37,34,34,32,25,30,34,33,26,30,33,25,32,35,25,26,32,31,33,35,32,37,33,31,31,27,29,22,34,30,33,30,37,20,28,29,28,28,35,30,38,27,37,25,38,37,33,29,27,35,29,24,25,41,34,26,27,33,35,30,27,32,27,30,28,33,28,30,26,31,26,29,24,25,24,36,34,30,35,34,30,29,24,41,34,37,24,26,32,26,26,33,35,36,31,29,26,28,23,30,23,28,31,20,22,33,24,31,31,37,30,31,36,32,35,32,27,33,30,32,35,26,26,36,24,34,27,27,25,36,29,33,33,29,25,37,30,25,32,36,26,30,33,35,35,29,35,38,28,30,
20,9,5,5,2,2,0,0,1,0,1,1,0,0,0,0,0,0,0,0,0,0,0,0,0,0,0,0,0,0,0,0,0,0,0,5,28,17,29,24,27,34,31,26,27,34,26,26,30,28,30,23,20,35,32,32,37,29,29,30,24,29,27,30,36,29,25,29,36,30,22,29,34,38,36,36,29,29,32,26,28,33,23,39,33,32,34,24,31,27,28,43,31,27,30,32,27,25,30,25,32,32,37,31,35,31,22,28,33,34,32,25,30,25,27,25,23,33,33,36,19,30,34,23,22,30,32,28,30,29,30,40,33,24,31,28,37,37,29,25,27,33,33,32,26,30,30,27,29,29,27,27,17,33,27,37,24,34,33,24,26,38,22,32,27,25,33,32,34,22,27,28,33,32,30,24,37,29,31,35,31,28,34,36,36,41,30,31,26,36,32,35,25,38,37,32,22,36,28,30,
26,15,5,3,4,2,1,0,0,0,0,0,0,1,0,0,0,0,0,0,0,0,0,0,0,0,0,0,0,0,0,0,0,0,0,0,0,0,0,0,0,0,0,0,20,34,25,33,33,30,24,30,36,31,32,39,35,31,25,20,32,27,34,27,30,25,27,29,32,36,27,35,27,29,24,27,26,33,24,29,32,27,33,27,35,38,30,29,25,22,28,24,29,31,21,33,29,32,33,26,27,32,23,36,34,31,33,30,32,30,24,34,30,30,26,26,22,28,22,29,33,28,33,24,28,27,29,30,39,34,23,38,25,33,27,28,31,24,30,22,30,22,30,37,27,20,27,26,36,31,31,33,34,28,25,21,35,31,32,24,39,34,28,29,29,36,28,34,33,33,28,23,31,27,38,33,35,35,38,27,33,35,24,26,39,27,32,37,38,32,29,32,34,34,19,34,28,35,30,32,
24,4,4,2,1,3,1,1,1,1,0,1,0,0,0,0,0,0,0,0,0,0,15,36,34,34,19,26,28,30,32,22,34,37,37,32,25,32,28,35,41,32,29,30,29,26,28,34,35,34,38,27,33,25,27,31,37,32,20,35,29,27,36,36,29,34,29,27,31,28,35,21,34,29,30,30,36,29,29,29,24,33,29,35,28,26,26,29,27,23,31,27,29,39,30,26,28,26,35,32,28,28,34,27,29,32,29,34,27,33,35,29,31,31,29,34,32,32,23,29,29,27,30,30,35,30,39,23,31,28,31,28,28,32,32,32,47,31,28,31,31,34,30,30,26,30,35,32,25,21,23,29,36,22,33,29,24,30,34,25,35,34,32,36,28,32,28,24,28,27,14,26,25,31,30,23,32,28,33,21,35,34,31,28,25,24,31,33,28,25,34,26,32,37,22,35,30,27,31,28,
1,0,0,0,1,0,0,0,0,0,0,0,0,0,0,0,0,0,0,0,0,0,0,0,0,0,0,0,0,0,0,0,0,0,0,0,0,0,0,0,0,0,0,1,0,0,0,0,0,0,0,0,0,0,0,0,0,0,0,0,0,0,0,0,0,0,0,0,0,0,0,0,0,0,0,0,0,0,0,0,0,0,0,0,0,0,0,0,0,0,0,0,0,0,0,0,0,0,0,0,0,0,0,0,0,0,0,0,0,0,0,0,0,0,0,0,0,0,0,0,0,0,0,0,0,0,0,0,0,0,0,0,0,0,0,0,0,0,0,0,0,0,0,0,0,0,0,0,0,0,0,0,0,0,0,0,0,0,0,0,0,0,0,0,0,0,0,0,0,0,0,0,0,0,0,0,0,0,0,0,0,0,0,0,0,0,0,0,0,0,0,0,0,0,0,0,0,0,0,0,
3,0,1,0,0,0,1,0,1,1,0,0,0,0,0,0,0,0,0,0,0,0,0,0,0,0,0,0,0,0,0,0,0,0,0,0,0,0,0,0,0,0,0,0,0,0,0,0,0,0,0,0,0,0,0,0,0,0,0,0,0,0,0,0,0,0,0,0,0,0,0,0,0,0,0,0,0,0,0,0,0,0,0,0,0,0,0,1,0,0,0,0,0,0,0,0,0,0,0,0,0,0,0,0,0,0,0,0,0,0,0,0,0,0,0,0,0,0,0,0,0,0,0,0,0,0,0,0,0,0,0,0,0,0,0,0,0,0,0,0,0,0,0,0,0,0,0,0,0,0,0,0,0,0,0,0,0,0,0,0,0,0,0,0,0,0,0,0,0,0,0,0,0,0,0,0,0,0,0,0,0,0,0,0,0,0,0,0,0,0,0,0,0,0,0,0,0,0,0,0,
1,0,0,1,0,0,0,0,0,0,0,0,0,0,0,0,0,0,0,0,0,0,0,0,0,0,0,0,0,0,0,0,0,0,0,0,0,0,0,0,0,0,0,0,0,0,0,0,0,0,0,0,0,0,0,0,0,0,0,0,1,0,0,0,0,0,0,0,0,0,0,0,0,0,0,0,0,0,0,0,0,0,0,0,0,0,0,0,0,0,0,0,0,0,0,0,0,0,0,0,0,0,0,0,0,0,0,0,0,0,0,0,0,0,0,0,0,0,0,0,0,0,0,0,0,0,0,0,0,0,0,0,0,0,0,0,0,0,0,0,0,0,0,0,0,0,0,0,0,0,0,0,0,0,0,0,0,0,0,0,0,0,0,0,0,0,0,0,0,0,0,0,0,0,0,0,0,0,0,0,0,0,0,0,0,0,0,0,0,0,0,0,0,0,0,0,0,0,0,0,
1,2,0,0,0,2,0,0,0,0,0,0,0,0,0,0,0,0,0,0,0,0,0,0,0,0,0,0,0,0,1,0,0,0,0,0,0,0,0,0,0,1,0,0,0,0,0,0,0,0,0,0,0,0,0,0,0,0,0,0,0,0,0,0,0,0,0,0,0,0,0,0,0,0,0,0,0,0,0,0,0,0,0,0,0,0,0,0,0,0,0,0,0,0,0,0,0,0,0,0,0,0,0,0,0,0,0,0,0,0,0,0,0,0,0,0,0,0,0,0,0,0,0,0,0,0,0,0,0,0,0,0,0,0,0,0,0,0,0,0,0,0,0,0,0,0,0,0,0,0,0,0,0,0,0,0,0,0,0,0,0,0,0,0,0,0,0,0,0,0,0,0,0,0,0,0,0,0,0,0,0,0,0,0,0,0,0,0,0,0,0,0,0,0,0,0,0,0,0,0,
1,1,0,0,0,0,0,0,0,0,0,0,0,0,0,0,0,0,0,0,0,0,0,0,0,0,0,0,0,0,0,0,0,0,0,0,0,0,0,1,0,0,0,0,0,0,0,0,0,0,0,0,0,0,0,0,0,0,0,0,0,0,0,0,0,0,0,0,0,0,0,0,0,0,0,0,0,0,0,0,0,0,0,0,0,0,0,0,0,0,0,0,0,0,0,0,0,0,0,0,0,0,0,0,0,0,0,0,0,0,0,0,0,0,0,0,0,0,0,0,0,0,0,0,0,0,0,0,0,0,0,0,0,0,0,0,0,0,0,0,0,0,0,0,0,0,0,0,0,0,0,0,0,0,0,0,0,0,0,0,0,0,0,0,0,0,0,0,0,0,0,0,0,0,0,0,0,0,0,0,0,0,0,0,0,0,0,0,0,0,0,0,0,0,0,0,0,0,0,0,
0,1,1,0,0,0,0,0,0,0,0,1,0,0,0,1,0,0,0,0,0,0,0,0,0,1,0,0,0,0,0,0,0,0,0,0,0,0,0,0,0,0,0,0,0,0,0,0,0,1,0,0,0,0,0,0,0,0,0,0,0,0,0,0,0,0,0,0,0,0,0,0,0,0,0,0,0,0,0,0,0,0,0,0,0,0,0,0,0,0,0,0,0,0,0,0,0,0,0,0,0,0,0,0,0,0,0,0,0,0,0,0,0,0,0,0,0,0,0,0,0,0,0,0,0,0,0,0,0,0,0,0,0,0,0,0,0,0,0,0,0,0,0,0,0,0,0,0,0,0,0,0,0,0,0,0,0,0,0,0,0,0,0,0,0,0,0,0,0,0,0,0,0,0,0,0,0,0,0,0,0,0,0,0,0,0,0,0,0,0,0,0,0,0,0,0,0,0,0,0,
1,0,0,0,0,0,0,0,0,0,1,0,0,0,0,0,0,0,0,0,0,0,0,0,0,0,0,0,0,0,0,0,0,0,0,0,0,0,0,0,0,0,0,0,0,0,0,0,0,0,0,0,0,0,0,0,0,0,0,0,0,0,0,0,0,0,0,0,0,0,0,0,0,0,0,0,0,0,0,0,0,0,0,0,0,0,0,0,0,0,0,0,0,0,0,0,0,0,0,0,0,0,0,0,0,0,0,0,0,0,0,0,0,0,0,0,0,0,0,0,0,0,0,0,0,0,0,0,0,0,0,0,0,0,0,0,0,0,0,0,0,0,0,0,0,0,0,0,0,0,0,0,0,0,0,0,0,0,0,0,0,0,0,0,0,0,0,0,0,0,0,0,0,0,0,0,0,0,0,0,0,0,0,0,0,0,0,0,0,0,0,0,0,0,0,0,0,0,0,0,
3,2,1,0,0,0,0,0,0,0,0,0,0,0,0,0,0,0,0,0,0,0,0,0,0,0,0,0,0,0,0,0,0,0,0,0,0,0,0,0,0,0,0,0,0,0,0,0,0,0,0,0,0,0,0,0,0,0,0,0,0,0,0,0,0,0,0,0,0,0,0,0,0,0,0,0,0,0,0,0,0,0,0,0,0,0,0,0,0,0,0,0,0,0,0,0,0,0,0,0,0,0,0,0,0,0,0,0,0,0,0,0,0,0,0,0,0,0,0,0,0,0,0,0,0,0,0,0,0,0,0,0,0,0,0,0,0,0,0,0,0,0,0,0,0,0,0,0,0,0,0,0,0,0,0,0,0,0,0,0,0,0,0,0,0,0,0,0,0,0,0,0,0,0,0,0,0,0,0,0,0,0,0,0,0,0,0,0,0,0,0,0,0,0,0,0,0,0,0,0,
1,2,0,1,0,0,0,0,0,1,0,0,0,0,0,0,0,0,0,0,0,0,0,0,0,0,0,0,0,0,0,0,0,0,0,0,0,0,0,0,0,0,0,0,0,0,0,0,0,0,0,0,0,0,0,0,0,0,0,0,0,0,0,0,0,0,0,0,0,0,0,0,0,0,0,0,0,0,0,0,0,0,0,0,0,0,0,0,0,0,0,0,0,0,0,0,0,0,0,0,0,0,0,0,0,0,0,0,0,0,0,0,0,0,0,0,0,0,0,0,0,0,0,0,0,0,0,0,0,0,0,0,0,0,0,0,0,0,0,0,0,0,0,0,0,0,0,0,0,0,0,0,0,0,0,0,0,0,0,0,0,0,0,0,0,0,0,0,0,0,0,0,0,0,0,0,0,0,0,0,0,0,0,0,0,0,0,0,0,0,0,0,0,0,0,0,0,0,0,0,
3,0,1,0,0,0,0,0,0,0,0,0,0,0,0,0,0,0,0,0,0,0,0,0,0,0,0,0,0,0,0,0,0,0,0,0,0,0,0,0,0,0,0,0,0,1,0,0,0,0,0,0,0,0,0,1,0,0,0,0,0,0,0,0,0,0,0,0,0,0,0,0,0,0,0,0,0,0,0,0,0,0,0,0,0,0,0,0,0,0,0,0,0,0,0,0,0,0,0,0,0,0,0,0,0,0,0,0,0,0,0,0,0,0,0,0,0,0,0,0,0,0,0,0,0,0,0,0,0,0,0,0,0,0,0,0,0,0,0,0,0,0,0,0,0,0,0,0,0,0,0,0,0,0,0,0,0,0,0,0,0,0,0,0,0,0,0,0,0,0,0,0,0,0,0,0,0,0,0,0,0,0,0,0,0,0,0,0,0,0,0,0,0,0,0,0,0,0,0,0,
15,16,12,4,4,1,3,1,1,2,2,1,2,0,1,1,1,1,0,1,0,0,3,0,0,0,1,1,0,0,0,0,0,0,1,0,1,0,0,1,0,1,1,0,2,1,0,0,0,0,0,0,0,0,0,0,0,0,0,0,1,0,0,0,0,0,0,1,0,0,0,0,0,0,0,0,0,0,0,0,0,0,0,0,0,0,0,0,0,0,0,0,0,0,0,0,0,0,0,0,0,0,0,0,0,0,0,0,0,0,0,0,0,0,0,0,0,0,0,0,0,1,0,0,0,0,0,0,0,0,0,0,0,0,0,0,0,0,0,0,0,0,0,1,0,0,0,0,0,0,0,0,0,0,0,0,0,0,0,0,0,0,0,0,0,0,0,0,0,0,0,0,0,0,0,0,0,0,0,0,0,0,0,0,0,0,0,0,0,0,0,0,0,0,0,0,0,0,0,0,
14,12,9,5,4,4,4,0,0,2,1,2,3,2,1,2,1,0,0,1,0,1,0,0,0,0,0,0,0,0,0,0,0,0,0,0,0,0,2,0,0,0,0,0,0,0,0,0,0,0,0,0,0,0,0,0,0,0,0,0,0,0,0,0,0,0,0,0,0,0,0,0,0,0,0,0,0,0,0,0,0,0,0,0,0,0,0,0,0,0,0,0,0,0,0,0,0,0,0,0,0,0,0,0,0,0,0,0,0,0,0,0,0,0,0,0,0,0,0,0,0,0,0,0,0,0,0,0,0,1,0,0,0,0,0,0,0,0,0,0,0,0,0,1,0,0,0,0,0,0,0,0,0,0,0,0,0,0,0,0,0,0,0,0,0,0,0,0,0,0,0,0,0,0,0,0,0,0,0,0,0,0,0,0,0,0,0,0,0,0,0,0,0,0,0,0,0,0,0,0,
18,14,6,5,4,2,2,2,1,2,1,1,0,1,0,0,0,1,1,0,0,0,1,0,0,0,0,0,1,0,0,0,0,1,0,0,0,1,0,0,0,0,0,0,1,0,0,0,0,0,0,0,0,0,0,2,0,0,0,0,2,0,0,0,0,0,0,0,0,0,0,0,0,0,0,0,0,0,0,0,0,0,0,1,0,0,0,0,0,0,1,0,0,0,0,0,0,0,0,1,0,0,0,0,0,0,0,0,0,0,0,0,0,0,0,0,0,0,0,0,0,0,0,0,0,0,0,0,0,0,0,0,0,0,0,0,0,0,0,0,0,0,1,0,0,0,0,0,0,0,0,0,0,0,0,0,0,0,0,0,0,0,0,0,0,0,0,0,0,0,0,0,0,0,0,0,0,0,0,0,0,1,0,0,0,0,0,0,0,0,0,0,0,0,0,0,0,0,0,0,
20,10,10,9,2,1,0,2,3,1,3,3,0,0,2,2,1,1,4,2,0,0,1,0,0,0,0,0,1,0,0,0,1,0,0,0,0,0,0,0,0,0,0,0,0,0,1,0,0,0,0,0,0,0,0,0,0,0,0,0,0,0,0,0,0,0,0,0,0,0,0,0,0,0,0,0,0,0,0,0,0,0,0,0,0,0,0,0,0,0,0,0,0,0,0,0,0,0,0,1,0,0,0,0,0,0,0,0,0,0,0,0,0,0,0,0,0,0,0,0,0,0,0,0,0,0,0,0,0,0,0,0,0,0,0,0,0,0,0,1,0,0,0,0,0,0,0,0,0,0,0,0,0,0,0,0,0,0,0,0,0,0,0,0,0,0,0,0,0,0,0,0,0,0,0,0,0,0,0,0,0,0,0,0,0,0,0,0,0,0,0,0,0,0,0,0,0,0,0,0,
15,18,8,1,3,2,1,2,0,1,0,1,2,2,0,0,1,0,0,0,1,0,0,0,0,0,1,0,0,0,0,0,0,1,1,0,0,1,0,0,0,1,0,0,0,0,0,0,0,0,0,0,0,1,0,0,0,0,0,0,0,0,0,0,0,0,0,0,0,1,0,0,0,0,0,1,0,0,0,0,0,0,0,0,0,0,0,0,0,0,0,0,0,0,0,0,0,0,0,0,0,0,0,0,0,0,0,0,0,0,0,0,0,0,0,0,0,0,0,0,0,0,0,0,0,0,0,0,0,0,0,0,1,0,0,0,0,0,0,0,0,0,0,0,0,0,0,0,0,0,0,0,0,0,0,0,0,0,0,0,0,0,0,0,0,0,0,0,0,0,0,0,0,0,0,0,0,0,0,0,0,0,0,0,0,0,0,0,0,0,0,0,0,0,0,0,0,0,0,0,
15,9,13,3,5,5,1,2,1,1,1,0,0,1,1,0,0,1,0,0,0,0,1,0,0,0,0,0,0,1,0,0,0,0,0,0,0,0,1,0,0,0,0,0,0,0,0,0,0,0,0,0,0,0,0,0,0,0,0,0,0,0,0,0,1,0,0,0,0,0,0,0,0,0,0,0,0,0,0,0,0,0,0,0,0,0,0,1,0,0,0,0,1,0,1,0,0,0,0,0,0,1,0,0,0,0,0,0,0,0,1,0,0,0,0,1,0,0,0,0,0,0,0,0,0,0,0,0,0,0,0,0,0,0,0,0,0,0,0,0,0,0,0,0,0,0,0,0,0,0,0,0,0,0,0,0,0,0,0,0,0,0,0,0,0,0,0,0,0,0,0,0,0,0,0,0,0,1,0,0,0,0,0,0,0,0,0,0,0,0,0,0,0,0,0,0,0,0,0,0,
21,13,7,5,4,5,0,1,2,2,2,1,1,1,0,1,0,0,0,0,0,0,1,0,1,0,0,0,0,0,0,0,0,0,0,0,0,0,0,0,0,0,0,0,0,0,0,0,1,0,0,0,0,0,0,0,0,0,0,0,0,0,0,0,0,0,0,0,0,0,0,0,0,1,0,0,0,0,0,0,0,0,0,0,0,0,0,0,0,0,0,0,0,0,0,0,0,0,0,0,0,0,0,0,0,0,0,0,0,0,0,0,0,0,0,0,0,0,0,0,0,0,0,0,0,1,0,0,0,0,0,0,0,0,0,0,0,0,0,0,0,0,0,0,1,0,0,0,0,0,0,0,1,0,0,0,0,0,0,0,0,0,0,0,0,0,0,1,0,0,0,0,0,0,0,0,0,0,0,0,0,0,0,0,0,0,0,0,0,0,0,0,0,0,0,0,0,0,0,0,
24,8,4,7,2,3,2,2,1,1,2,1,2,1,2,1,1,2,0,0,1,0,0,0,0,0,0,1,1,0,0,1,1,0,0,0,0,0,0,0,0,0,0,0,0,0,0,0,0,1,0,0,0,0,0,0,0,0,0,0,0,0,0,0,0,0,0,2,0,0,0,0,0,0,0,0,0,0,0,0,0,0,0,0,0,0,0,0,0,1,0,0,0,0,0,0,0,0,0,0,0,0,0,0,0,0,0,0,0,0,0,0,0,0,0,0,0,0,0,0,0,0,0,0,0,0,0,0,0,0,0,0,0,0,1,0,0,0,0,0,0,0,0,0,0,0,0,0,0,0,0,0,0,0,0,0,0,0,0,0,0,0,0,0,0,0,0,0,0,0,0,0,0,0,0,0,0,0,0,0,0,0,0,0,0,0,0,0,0,0,0,0,0,0,0,0,0,0,0,0,
15,12,3,5,3,7,2,3,2,0,0,1,0,1,0,0,0,1,0,1,1,0,0,1,0,0,0,0,0,0,1,0,0,0,0,0,0,0,0,1,0,0,0,1,0,0,0,0,0,1,0,0,0,0,0,2,0,0,0,0,0,0,0,0,0,0,0,0,0,0,0,0,0,0,0,0,0,0,1,0,0,0,0,0,0,0,0,0,0,0,0,0,0,0,1,0,0,0,0,0,0,0,0,0,0,0,0,0,0,0,0,0,0,0,0,0,0,0,0,0,0,0,0,0,0,0,0,0,0,0,0,0,0,0,0,0,0,0,0,0,0,0,0,0,0,0,0,0,0,0,1,0,0,0,0,0,0,0,0,0,0,0,0,0,0,0,0,0,0,0,0,0,0,0,0,0,0,0,0,0,0,0,0,0,0,0,0,0,0,0,0,0,0,0,0,0,0,0,0,0,
23,12,5,6,2,1,0,2,1,2,0,0,1,0,0,0,1,0,0,1,0,0,0,1,0,0,0,1,0,0,0,0,0,0,0,0,0,0,0,0,0,0,1,0,0,0,0,0,0,0,0,0,0,0,0,0,0,0,0,1,0,0,0,0,0,0,0,0,0,0,0,0,0,0,0,0,0,1,0,0,0,0,0,0,0,0,0,0,0,0,0,0,0,1,0,0,0,0,0,0,0,0,0,0,0,0,0,0,0,0,0,0,0,0,1,0,0,0,0,0,0,0,0,0,0,0,0,0,0,0,0,0,0,0,0,0,0,0,1,0,1,0,0,0,0,0,0,0,0,0,0,0,0,0,0,0,0,0,0,0,0,0,0,0,0,0,0,0,0,0,0,0,0,0,0,0,0,0,0,0,0,0,0,0,0,0,0,0,0,0,0,0,0,0,0,0,0,0,0,0,
26,15,7,5,7,2,3,3,2,0,1,1,2,1,0,0,0,2,0,0,1,0,0,0,0,0,0,1,0,0,0,0,0,0,0,0,0,0,0,0,0,0,0,0,0,0,0,1,0,0,0,0,0,0,0,0,0,0,0,0,0,0,0,0,0,0,0,0,0,0,0,0,0,0,0,0,0,0,0,0,1,0,0,0,0,0,0,0,0,0,0,0,0,0,0,0,0,0,0,0,0,0,0,0,0,0,0,0,0,0,0,0,0,0,0,0,0,0,0,0,0,0,0,0,0,0,0,0,0,0,0,0,0,0,0,0,0,0,0,0,0,1,0,0,0,0,0,0,0,1,0,0,0,0,0,0,0,0,0,0,0,0,0,0,0,0,0,0,0,0,0,0,0,0,0,0,0,0,0,0,0,0,0,0,0,0,0,0,0,0,0,0,0,0,0,0,0,0,0,0,
25,15,10,8,1,5,10,3,2,3,3,1,2,0,1,2,0,0,0,0,0,0,0,0,0,0,1,0,0,0,0,1,0,0,0,2,0,0,0,0,0,0,0,0,0,0,0,0,0,0,0,0,0,0,0,0,0,0,0,1,0,0,0,0,1,0,0,0,0,0,0,0,0,0,0,0,0,0,0,0,0,0,0,0,0,0,0,0,0,0,0,0,0,0,0,0,0,0,0,0,0,2,0,0,0,0,0,0,0,0,0,0,0,0,0,0,0,0,0,0,0,0,0,0,0,0,0,0,0,0,0,0,0,0,0,0,0,0,0,0,0,0,0,0,0,0,0,0,0,0,0,0,0,0,0,0,0,0,0,0,0,0,0,0,0,0,0,0,0,0,0,0,0,0,0,0,0,0,0,0,0,0,0,0,0,0,0,0,0,0,0,0,0,0,0,0,0,0,0,0,
25,18,13,4,4,6,4,1,1,0,0,2,2,0,0,0,2,1,0,1,1,0,0,0,0,0,0,0,2,0,0,0,0,0,0,0,0,0,0,0,0,0,1,0,0,0,1,0,0,0,0,0,0,0,0,0,1,0,0,0,0,0,0,0,0,0,0,0,0,0,0,0,0,0,0,1,0,0,0,0,1,0,0,0,0,0,0,0,0,0,0,0,0,0,0,0,0,0,0,1,0,0,0,0,0,0,0,0,0,0,0,0,0,0,0,0,0,0,0,0,0,0,0,0,0,0,0,0,0,0,0,0,0,0,0,0,0,0,0,0,0,0,0,0,0,0,0,0,0,0,0,0,0,0,0,0,0,0,0,0,0,0,0,0,0,0,0,0,0,0,0,0,0,0,0,0,0,0,0,0,0,0,0,0,0,0,0,0,0,0,0,0,0,0,0,0,0,0,0,0,
23,11,10,7,9,1,2,0,0,1,1,1,1,1,2,0,1,0,0,0,0,0,1,0,0,0,0,2,0,0,0,1,0,0,0,0,0,0,0,0,0,0,0,0,0,0,0,0,0,0,1,1,0,0,0,0,0,0,0,0,0,0,0,0,0,0,0,0,0,0,0,1,0,0,0,0,0,0,0,0,0,0,0,0,0,0,0,0,0,0,0,0,0,0,0,0,0,0,0,0,0,0,0,0,0,0,0,0,0,0,0,0,0,0,0,0,0,0,0,0,0,0,0,0,0,0,0,0,0,0,0,0,0,0,0,0,0,0,0,0,0,0,0,0,0,0,0,0,0,0,0,0,0,0,0,0,0,0,0,0,0,0,0,0,0,0,0,0,0,0,0,0,0,0,0,0,0,0,0,0,0,0,0,0,0,0,0,0,0,0,0,0,0,0,0,0,0,0,0,0,
15,16,9,2,2,1,4,2,2,3,3,0,0,2,1,3,0,0,1,1,0,0,1,0,0,1,1,0,0,0,0,0,0,0,0,0,0,0,0,0,0,0,0,0,1,0,0,0,0,1,0,1,0,0,0,0,0,0,0,0,0,0,0,0,0,0,0,0,0,0,0,0,0,0,0,0,0,0,0,0,0,0,0,0,0,0,0,0,0,0,0,0,0,1,0,0,0,0,0,0,0,0,0,0,0,0,0,0,0,0,0,0,0,0,0,0,0,0,0,0,0,0,0,0,0,0,0,0,0,0,0,0,0,0,0,0,0,0,0,0,0,0,0,0,0,0,0,0,0,0,0,0,0,0,0,0,0,0,0,0,0,0,0,0,0,0,0,0,0,0,0,0,0,0,0,0,0,0,0,0,0,0,0,0,0,0,0,0,0,0,0,0,0,0,0,0,0,0,0,0,
23,19,12,6,5,4,2,3,0,0,0,1,0,0,1,0,1,0,2,0,0,0,1,0,0,0,0,0,0,0,0,1,0,0,0,0,0,0,1,0,0,1,0,0,0,0,0,0,0,2,0,0,0,0,0,0,0,0,1,0,0,0,0,0,1,0,0,0,0,0,1,0,0,0,0,0,0,0,0,0,0,0,0,0,0,0,0,0,0,0,0,0,0,0,0,0,0,0,0,0,0,0,0,0,0,0,0,0,0,0,0,0,0,0,0,0,0,0,0,0,0,0,0,0,0,0,0,0,0,0,0,0,0,0,0,0,0,0,0,0,0,0,0,0,0,0,0,0,0,0,0,0,0,0,0,0,0,0,0,0,0,0,0,0,0,0,0,0,0,0,0,0,0,0,0,0,0,0,0,0,0,0,0,0,0,0,0,0,0,0,0,0,0,0,0,0,0,1,0,0,
24,5,15,12,5,2,2,2,0,0,1,0,0,0,1,1,1,1,1,1,2,1,0,0,1,0,0,0,0,0,0,0,0,1,0,0,0,0,0,0,1,0,0,0,0,0,0,0,0,0,0,0,0,0,0,0,0,0,0,0,0,0,0,0,0,0,0,1,1,0,0,0,0,0,0,1,1,0,0,0,0,0,0,0,0,0,0,0,1,0,0,0,0,0,0,0,0,0,0,0,0,0,0,0,0,0,0,0,0,0,0,0,0,0,0,0,0,0,0,0,0,0,0,0,0,0,0,0,0,0,0,0,0,0,0,0,0,0,0,0,0,0,0,0,0,0,0,0,0,0,0,0,0,0,0,0,0,0,0,0,0,0,0,0,0,0,0,0,0,0,0,0,0,0,0,0,0,0,0,0,0,0,0,0,0,0,0,0,0,0,0,0,0,0,0,0,0,0,0,0,
29,13,6,7,6,3,0,1,1,1,2,1,0,1,1,0,0,1,0,1,0,1,0,0,0,0,1,0,1,2,1,0,0,0,1,0,0,0,0,0,0,0,0,0,0,0,1,0,0,0,0,0,0,0,0,0,0,0,0,1,0,0,0,0,0,0,0,0,0,0,0,0,0,0,0,0,0,0,0,1,0,0,0,0,0,0,0,0,0,0,0,0,0,0,0,0,0,0,0,0,0,0,0,0,0,0,0,0,0,0,0,0,0,0,0,0,0,0,0,0,0,0,0,0,0,0,0,0,0,0,0,0,0,0,0,0,0,0,0,0,0,0,0,0,0,0,0,0,0,0,0,0,0,1,0,0,0,0,0,0,0,0,0,0,0,0,0,0,0,0,0,0,0,0,0,0,0,0,0,0,0,0,0,0,0,0,0,0,0,0,0,0,0,0,0,0,0,0,0,0,
28,8,6,9,7,4,2,5,0,4,0,2,2,1,0,1,0,1,0,2,0,2,0,0,0,1,0,0,1,0,0,0,0,0,0,0,0,0,0,0,0,0,0,0,0,0,0,0,0,0,0,0,0,0,0,0,0,0,0,0,0,0,0,0,0,0,0,0,0,0,0,0,0,0,0,0,0,0,0,0,0,0,0,0,0,0,0,0,0,0,0,0,0,0,0,0,0,0,0,0,0,0,0,0,0,0,0,0,0,0,0,0,0,0,0,0,1,0,0,0,0,0,0,0,0,0,0,0,0,0,0,0,0,0,0,0,0,0,0,0,0,0,0,0,0,0,0,0,0,0,0,0,0,0,0,0,0,0,0,0,0,0,0,0,0,0,0,0,0,0,0,0,0,0,0,0,0,0,0,0,0,0,0,0,0,0,0,0,0,0,0,0,0,0,0,0,0,0,0,0,
21,17,2,4,4,3,5,1,4,2,1,1,1,0,1,1,0,0,1,0,0,0,1,2,0,0,0,0,0,1,0,0,0,0,1,0,0,0,0,0,0,0,0,0,1,0,0,1,1,0,0,0,0,0,0,0,0,0,0,0,0,0,0,0,0,0,0,0,0,0,0,0,0,0,0,0,0,0,0,0,0,0,0,0,0,0,0,0,0,0,0,0,0,0,0,0,0,0,0,0,0,0,1,0,0,0,0,0,0,0,0,0,0,0,0,0,0,0,0,0,0,0,0,0,0,1,0,0,0,0,0,0,0,0,0,0,0,0,0,0,0,0,0,0,0,0,0,0,0,0,0,0,0,0,0,0,0,0,0,0,0,0,0,0,0,0,0,0,0,0,0,0,0,0,1,0,0,0,0,0,0,0,0,0,0,0,0,0,0,0,0,0,0,0,0,0,0,0,0,0,
19,14,15,6,2,6,1,4,0,1,0,0,1,1,0,1,0,0,0,0,0,0,0,0,0,0,0,0,0,0,2,0,0,0,0,0,0,0,0,0,0,0,0,0,0,0,1,0,0,0,0,0,0,0,0,0,0,0,0,0,0,0,0,1,0,0,0,0,0,0,0,0,0,0,0,0,0,0,0,0,0,0,0,0,0,0,0,1,1,0,0,0,0,0,0,0,0,0,0,0,0,0,0,0,0,0,0,0,0,0,0,0,0,0,0,0,0,0,0,0,0,0,0,0,0,0,0,0,0,0,0,0,0,0,0,0,0,0,0,0,0,0,0,0,0,0,0,0,0,0,0,0,0,0,0,0,0,0,0,0,0,0,0,0,0,0,0,0,0,0,0,0,0,0,0,0,0,0,0,0,0,0,0,0,0,0,0,0,0,0,0,0,0,0,0,0,0,0,0,0,
24,20,7,9,2,2,3,4,2,0,0,0,1,3,0,1,0,0,1,0,0,0,0,0,0,0,0,0,0,0,0,0,2,0,0,0,0,0,0,0,0,0,0,0,0,0,0,0,0,0,0,0,0,0,1,0,1,0,0,1,0,0,0,0,0,0,0,0,0,0,0,0,1,0,0,0,0,0,0,0,0,0,0,0,0,0,0,0,0,0,0,0,0,0,1,0,0,0,0,0,0,0,0,0,0,0,0,0,0,0,0,0,0,0,0,0,1,0,0,0,0,0,0,0,0,0,0,0,0,0,0,0,0,0,0,0,0,0,0,0,0,0,0,0,0,1,0,0,0,0,0,0,0,0,0,0,0,0,0,0,0,0,0,0,0,0,0,0,0,0,0,0,0,0,0,0,0,0,0,0,0,0,0,0,0,0,0,0,0,0,0,0,0,0,0,0,0,0,0,0,
31,10,9,10,4,2,2,1,4,0,1,1,1,0,1,0,0,1,0,2,2,2,2,0,0,0,1,2,0,0,0,0,0,0,0,0,0,0,0,1,0,0,1,0,0,0,0,0,0,1,0,0,0,0,0,0,0,0,0,0,0,0,0,0,0,0,0,0,0,0,0,0,0,0,0,0,0,0,0,0,0,0,0,0,0,0,0,0,0,0,0,0,0,0,0,0,0,0,0,0,0,0,0,0,0,0,0,0,0,0,0,0,0,0,0,0,0,0,0,0,0,0,0,0,0,0,0,0,0,0,0,0,0,0,0,0,0,0,0,1,0,0,0,0,0,0,0,0,0,0,0,0,0,0,0,0,0,0,0,0,0,0,0,0,0,0,0,0,0,0,0,0,0,0,0,0,0,0,0,0,0,0,0,0,0,0,0,0,0,0,0,0,0,0,0,0,0,0,0,0,
26,14,16,4,10,3,3,1,1,0,1,1,1,2,0,0,1,0,0,0,0,0,0,0,1,0,0,0,0,0,1,0,0,0,0,0,0,0,0,0,0,0,0,0,0,0,0,0,0,0,1,0,0,0,0,0,0,0,0,0,0,0,0,0,0,0,0,0,0,0,0,0,0,0,0,0,0,0,0,0,0,0,0,0,0,0,0,0,0,0,0,0,0,0,0,0,1,0,0,0,0,0,0,0,0,0,0,0,0,0,0,0,0,0,0,0,0,0,0,0,0,0,0,0,0,0,0,0,0,0,0,0,0,0,0,0,0,0,0,0,0,0,1,0,0,0,0,0,0,0,0,0,0,0,0,1,0,0,0,0,0,0,0,0,0,0,0,0,0,0,0,0,0,0,0,0,0,0,0,1,0,0,0,0,0,0,0,0,0,0,0,0,0,0,0,0,0,0,0,0,
28,14,10,5,4,2,4,2,0,3,0,4,0,0,1,0,0,1,0,0,0,0,0,0,0,0,0,0,0,0,0,0,1,0,1,0,0,0,0,0,0,0,0,0,0,0,0,0,0,0,0,0,0,1,0,0,0,0,0,0,0,0,0,0,0,0,0,0,0,0,0,0,0,0,0,0,0,0,0,0,0,0,0,0,0,0,0,0,0,0,0,0,0,0,0,0,0,0,1,0,0,0,0,0,0,0,0,0,0,0,0,0,0,0,0,0,0,0,0,0,1,0,0,0,0,0,0,0,0,0,0,0,0,0,0,0,0,0,0,0,0,0,0,0,0,0,0,0,0,0,0,0,0,0,0,0,0,0,0,0,0,0,0,0,0,0,0,0,0,0,0,0,0,0,0,0,0,0,0,0,0,0,0,0,0,0,0,0,0,0,0,1,0,0,0,0,0,0,0,0,
24,15,5,4,3,2,1,1,1,0,2,2,1,0,1,0,1,0,1,2,1,0,0,0,0,0,1,0,0,0,1,0,0,2,0,0,1,0,0,1,0,0,0,0,1,0,0,1,1,0,0,0,0,0,0,1,0,0,0,0,0,0,0,0,0,0,0,0,0,0,0,0,0,0,0,0,0,0,0,0,0,0,0,0,0,0,0,1,0,0,0,0,0,0,0,0,0,0,0,1,0,0,0,0,0,0,0,0,0,0,0,0,0,0,0,0,0,0,0,0,0,0,0,0,0,0,0,0,0,0,0,0,0,0,0,0,0,0,0,0,0,0,0,0,0,0,0,0,0,0,0,0,0,0,0,0,0,0,0,0,0,0,0,0,0,0,0,0,0,0,0,0,0,0,0,0,0,0,0,0,0,0,0,0,0,0,0,0,0,0,0,0,0,0,0,0,0,0,0,0,
24,15,9,5,2,4,4,3,0,0,1,3,0,0,0,1,0,2,2,0,0,1,0,0,1,1,0,0,0,0,0,1,0,0,0,0,1,0,0,0,0,0,0,0,0,1,0,0,0,0,1,0,0,0,0,0,0,0,0,0,0,0,0,0,0,0,0,0,0,0,0,0,0,0,0,0,0,1,0,0,0,0,0,0,0,0,0,0,0,0,0,0,0,0,0,0,0,0,0,0,3,11,20,14,12,15,12,19,8,12,27,14,12,11,14,9,11,15,13,14,9,17,20,14,12,14,12,12,21,14,18,10,14,16,14,16,14,18,14,8,13,17,9,20,14,21,16,14,7,19,7,15,14,13,14,26,16,11,10,7,10,8,14,18,14,9,15,10,13,11,20,8,16,11,15,11,18,14,13,17,16,16,18,12,12,8,18,10,10,13,12,10,12,8,12,16,10,13,9,11,
34,10,9,7,5,4,4,2,0,2,1,3,1,1,1,0,1,1,1,0,0,0,0,0,0,0,0,0,0,0,0,0,0,1,0,0,0,0,0,0,0,0,0,0,0,0,0,0,0,1,0,0,0,0,0,0,0,0,0,0,0,0,0,0,0,0,0,0,0,0,0,0,0,0,0,0,0,0,0,0,0,0,0,0,0,0,0,0,0,0,0,0,0,0,0,0,0,0,0,0,0,0,0,0,0,0,0,0,0,0,0,0,0,0,0,0,0,0,0,0,0,0,0,0,0,0,0,0,0,0,0,0,0,0,0,0,0,0,0,0,0,0,0,0,0,0,0,0,0,0,0,0,0,0,0,0,0,0,0,0,0,0,0,0,0,0,0,0,0,0,0,0,0,0,0,0,0,0,0,0,0,0,0,0,0,0,0,0,0,0,0,0,0,0,0,0,0,0,0,0,
26,18,7,6,3,1,2,0,2,3,3,1,0,1,2,1,0,0,0,0,1,0,0,1,0,0,0,0,0,0,1,0,0,0,1,0,0,0,0,0,0,0,0,0,0,0,1,0,0,0,0,0,0,0,0,0,0,0,0,0,0,0,0,1,0,1,1,0,0,0,0,0,0,0,0,0,0,0,0,0,0,0,0,0,0,0,0,0,0,0,0,0,0,0,0,0,0,0,0,0,0,0,0,0,0,0,0,0,0,0,0,0,0,0,0,0,0,0,0,0,0,0,0,0,0,0,0,0,0,0,0,0,0,0,0,0,0,0,0,0,0,0,0,0,0,0,0,0,0,0,0,0,0,0,0,0,0,0,0,0,0,0,0,0,0,0,0,0,0,0,0,0,0,0,0,0,0,0,0,0,0,0,0,0,0,0,0,1,0,0,0,0,0,0,0,0,0,0,0,0,
21,10,5,9,1,5,2,4,1,1,1,1,2,1,2,0,0,0,0,0,0,0,0,0,0,1,0,0,0,0,0,0,1,0,1,0,0,0,0,0,0,0,0,0,0,0,1,0,0,0,0,0,0,0,0,0,0,0,0,0,0,0,0,0,0,0,0,0,0,0,0,0,0,0,0,0,0,0,1,0,0,0,0,0,0,0,0,0,0,0,0,0,0,0,0,1,0,0,0,0,0,0,0,0,0,0,0,0,0,0,0,0,0,0,0,0,0,0,0,0,0,0,0,0,0,0,0,0,0,0,0,0,0,0,0,0,0,0,0,0,0,0,0,0,0,0,0,0,0,0,0,0,0,0,0,0,0,0,0,0,0,0,0,0,0,0,0,0,0,0,0,0,0,0,0,0,0,0,0,0,0,0,0,0,0,1,0,0,0,0,0,0,0,0,0,0,0,0,0,0,
26,15,11,7,2,4,2,2,0,0,0,1,0,1,0,0,0,1,1,0,0,0,0,1,0,2,0,0,0,0,0,0,0,1,0,0,0,0,0,0,0,0,0,0,0,0,0,0,0,1,0,0,0,0,0,0,0,0,0,0,0,0,0,0,0,0,1,0,0,1,0,0,0,0,0,0,0,0,0,0,0,0,0,0,0,0,0,0,0,0,0,0,0,0,0,0,0,0,0,0,0,0,0,0,0,0,0,0,0,0,0,0,0,0,0,0,0,0,0,0,0,0,1,0,0,0,0,0,0,0,0,0,0,0,0,0,0,0,0,0,0,0,0,0,0,0,0,0,0,0,0,0,0,0,0,0,0,0,0,0,0,0,0,0,0,0,0,0,0,0,0,0,0,0,0,0,0,0,0,0,0,0,0,0,0,0,0,0,0,0,0,0,0,0,0,0,0,0,0,0,
24,16,7,7,8,3,2,4,0,0,1,3,2,0,1,0,1,1,0,0,0,0,0,2,0,0,0,0,0,1,0,0,0,0,0,0,0,1,0,0,1,0,0,0,0,0,1,0,0,0,0,0,0,0,0,0,0,0,0,0,0,0,0,0,0,0,0,0,0,0,0,0,8,4,7,10,14,10,13,10,8,6,7,5,13,12,9,10,7,10,6,3,13,9,12,7,6,9,7,6,9,6,5,6,7,11,12,5,10,7,9,8,6,11,5,4,8,7,5,8,16,5,7,7,4,9,10,9,5,7,9,11,9,8,8,12,10,8,9,8,7,5,14,11,8,11,8,4,6,6,10,12,4,6,9,11,9,4,10,11,8,9,5,6,7,7,4,11,5,9,12,12,11,3,8,4,11,5,8,8,9,8,9,7,6,5,4,6,10,5,9,6,11,8,8,6,5,12,10,5,
21,11,15,3,4,3,3,4,1,0,1,0,3,0,2,0,1,0,1,0,0,0,0,0,0,0,1,0,0,0,0,0,0,0,2,0,0,1,0,0,1,0,1,0,0,0,0,0,0,0,0,0,1,0,0,0,0,0,0,0,0,0,0,0,0,0,0,0,0,0,0,0,0,0,0,0,0,0,0,0,0,0,0,0,0,0,0,2,7,14,6,7,9,7,3,2,6,10,4,12,7,8,9,10,6,5,9,4,12,6,8,6,8,3,7,7,9,4,7,5,7,13,4,9,4,6,2,9,7,8,5,4,8,16,9,4,11,7,6,6,9,4,6,11,2,10,8,9,4,10,9,6,9,8,4,5,6,5,9,8,13,9,11,12,9,11,9,5,4,12,8,12,14,9,8,6,7,9,8,9,11,10,8,9,8,4,5,11,8,7,4,5,11,7,13,12,10,12,11,7,
28,18,10,6,4,3,3,1,2,2,0,1,0,0,0,0,0,1,0,0,0,0,2,0,0,1,0,0,0,0,0,0,0,1,0,0,0,0,0,0,1,0,1,0,0,0,1,0,0,0,0,0,1,0,1,0,0,0,0,0,0,0,0,0,0,0,0,0,0,0,0,0,0,0,0,0,0,0,0,1,0,0,0,0,0,0,0,0,0,0,0,0,0,0,0,0,0,0,0,0,0,0,0,0,0,0,0,0,0,0,0,0,0,0,0,0,0,0,0,0,0,0,0,0,0,0,0,0,0,0,0,0,0,0,0,0,0,0,0,0,0,0,0,0,0,0,0,0,0,0,0,0,0,0,0,0,0,0,0,0,0,0,0,0,0,0,0,0,0,0,0,0,0,0,0,0,0,0,0,0,0,0,0,0,0,0,0,0,0,0,0,0,0,0,0,0,0,0,0,0,
25,11,13,5,5,7,1,0,3,0,2,0,2,0,0,0,1,1,0,0,1,1,1,1,0,0,0,0,0,0,1,0,0,1,0,1,0,1,0,0,0,0,0,0,0,0,0,0,0,0,0,0,0,0,0,0,0,0,0,0,0,1,0,0,0,0,0,0,0,0,0,1,0,0,0,0,0,0,0,0,0,0,0,0,0,0,0,0,0,0,0,0,0,0,0,0,0,0,0,0,0,0,0,0,0,0,0,0,0,0,0,0,0,0,0,0,0,0,0,0,0,0,0,0,1,7,6,8,10,12,7,4,11,12,8,11,4,6,6,6,7,1,6,5,9,6,6,7,8,6,6,6,3,4,10,3,3,5,8,13,5,12,5,6,4,5,9,7,8,7,5,3,10,6,5,8,8,10,8,7,8,7,10,6,12,11,4,8,9,7,6,6,7,6,11,6,7,4,6,5,
25,14,9,5,3,2,2,1,1,2,2,0,0,0,0,2,0,1,0,1,0,1,2,0,1,0,0,0,0,0,0,0,0,1,0,1,0,0,0,0,0,0,0,0,1,0,0,0,0,0,0,0,0,0,0,0,0,0,0,0,0,0,1,0,0,0,0,0,1,0,0,0,0,0,0,0,0,0,0,0,0,0,0,0,1,0,0,0,0,0,0,0,0,0,0,0,0,0,0,0,0,0,0,0,0,0,0,0,0,1,0,0,0,0,0,0,0,0,0,0,0,0,0,0,0,0,0,0,0,0,0,0,0,0,0,0,0,0,0,0,0,0,0,0,0,0,0,0,0,0,0,0,0,0,0,0,0,0,0,0,0,0,0,0,0,0,0,0,0,0,0,0,0,0,0,0,0,0,0,0,0,0,0,0,0,0,0,0,0,0,0,0,0,0,0,0,0,1,0,0,
26,14,6,7,4,2,1,1,1,0,0,1,1,3,1,0,2,0,0,2,0,0,0,2,1,0,0,0,0,0,0,0,0,0,0,1,0,0,0,0,0,0,0,0,0,0,0,0,0,1,0,0,1,0,0,0,0,0,0,0,0,0,0,0,0,0,0,0,0,0,0,0,0,0,0,0,0,0,0,0,0,0,0,0,0,0,0,0,0,0,0,0,0,0,0,0,0,0,0,0,0,0,0,0,0,0,0,0,3,7,10,5,4,3,10,3,6,7,5,6,4,11,5,9,10,7,5,7,11,10,4,4,13,13,3,5,6,7,9,11,7,5,7,8,11,7,8,3,10,11,7,8,8,3,5,4,9,14,10,6,13,8,9,7,1,7,6,10,7,9,7,11,5,10,9,8,5,10,7,11,10,9,4,11,7,5,14,5,8,8,6,6,5,5,11,11,9,11,6,3,
13,19,10,3,5,4,2,1,2,1,2,0,0,0,0,1,0,2,0,0,1,1,2,1,0,1,1,0,0,0,0,0,0,0,0,0,0,0,0,0,0,0,0,0,0,0,0,0,0,0,1,0,0,0,0,0,0,0,0,0,0,0,0,0,0,0,0,0,0,1,0,0,0,0,0,0,0,0,0,0,0,0,0,0,0,0,0,0,0,0,0,0,0,0,0,0,0,0,3,13,5,12,6,7,11,5,10,9,14,12,7,7,8,4,10,8,9,5,11,4,10,8,5,12,8,11,7,8,9,6,4,5,13,7,8,11,7,10,8,4,6,8,5,4,7,13,5,8,7,12,8,5,7,9,4,3,3,7,6,7,10,3,10,6,9,5,10,6,5,3,10,10,6,5,14,9,9,6,7,11,10,11,6,10,4,12,11,10,3,10,9,10,5,12,11,7,2,8,5,4,
23,12,10,4,5,5,2,1,2,3,0,0,1,0,0,2,1,0,0,0,0,1,0,2,0,0,0,1,0,0,0,0,0,0,0,0,0,1,0,0,0,0,0,0,0,0,0,0,0,0,0,0,0,0,0,0,0,0,0,0,0,0,1,0,0,0,0,0,0,0,0,0,0,0,0,0,0,0,0,0,0,0,0,0,0,0,0,0,0,0,0,0,0,0,0,0,0,0,0,0,0,0,0,0,0,0,0,0,0,0,0,0,0,0,0,0,0,0,0,0,0,0,1,0,0,0,0,0,0,0,0,0,0,0,0,0,0,0,0,0,0,0,0,0,0,0,0,0,0,0,0,0,0,0,0,0,0,0,0,0,0,0,0,0,0,0,0,0,0,0,0,0,0,0,0,0,0,0,0,0,0,0,0,0,0,0,0,0,0,0,0,0,0,0,0,0,0,0,0,0,
22,16,7,7,6,1,4,1,1,1,2,0,0,1,1,1,0,0,0,0,0,0,1,2,0,0,0,0,0,0,0,1,0,0,0,0,0,0,1,0,0,0,0,0,0,0,0,1,0,0,0,1,0,0,0,0,0,0,0,0,0,0,0,0,0,0,0,0,0,0,0,0,0,1,0,0,0,0,0,0,0,0,0,0,0,0,0,0,0,0,0,0,0,0,0,0,0,0,0,0,0,0,0,0,0,0,0,0,0,0,0,0,0,0,0,0,1,0,0,0,0,0,0,0,0,0,0,0,0,0,0,0,0,0,0,0,0,0,0,0,0,0,0,0,0,0,0,0,0,0,0,0,0,0,0,0,0,0,0,0,0,0,0,0,0,0,0,0,0,0,0,0,0,0,0,0,0,0,0,0,0,0,0,0,0,0,0,0,0,0,0,0,0,0,0,0,0,0,0,0,
4,1,1,0,0,0,0,0,0,0,0,0,1,0,0,1,1,2,0,0,0,0,0,1,0,0,0,0,0,0,0,0,0,0,0,0,0,0,0,0,0,0,0,0,0,0,0,0,0,0,0,0,0,0,0,0,0,0,0,0,0,0,0,0,0,0,0,0,0,0,0,0,0,0,0,0,0,0,0,0,0,0,0,0,0,0,0,0,0,0,0,0,0,0,0,0,0,0,0,0,0,0,0,0,0,0,0,0,0,0,0,0,0,0,0,0,1,0,0,0,0,0,0,0,0,0,0,0,0,0,0,0,0,0,0,0,0,0,0,0,0,0,0,0,0,0,0,0,0,0,0,0,0,0,0,0,0,0,0,0,0,0,0,0,0,0,0,0,0,0,0,0,0,0,0,0,0,0,0,0,0,0,0,0,0,0,0,0,0,0,0,0,0,0,0,0,0,0,0,0,
2,1,1,0,0,0,0,0,0,0,0,0,0,0,0,0,1,0,0,0,0,0,0,0,0,0,0,0,0,0,0,0,0,0,0,0,0,0,0,0,0,0,0,0,0,0,1,0,0,0,0,0,0,0,0,0,0,0,0,0,0,0,0,0,0,0,0,0,0,0,0,0,0,0,0,0,0,0,0,0,0,0,0,0,0,0,0,0,0,0,0,0,0,0,1,0,0,0,0,0,0,0,0,0,0,0,0,0,0,0,0,0,0,0,1,1,0,0,0,0,0,0,0,0,0,0,0,0,0,0,0,0,0,0,0,0,0,0,0,0,0,0,0,0,0,0,0,0,0,0,0,0,0,0,0,0,0,0,0,0,0,0,0,0,0,0,0,0,0,0,0,0,0,0,0,0,0,0,0,0,0,0,0,0,0,0,0,0,0,0,0,0,0,0,0,1,0,0,0,0,
1,1,0,1,1,0,0,0,0,0,1,0,0,0,0,0,0,0,0,1,0,0,0,0,0,0,0,0,0,0,0,0,0,0,1,0,0,0,0,0,0,0,0,0,0,0,0,0,0,0,0,0,0,0,0,0,0,0,0,0,0,0,0,0,0,0,0,0,0,0,0,0,0,0,0,0,0,0,0,0,0,0,0,0,0,0,0,0,0,0,0,0,0,0,0,0,0,0,0,0,0,0,0,0,0,0,0,0,0,0,0,0,0,0,0,0,0,0,0,0,0,0,0,0,0,0,0,0,0,0,0,0,0,0,0,0,0,0,0,0,0,0,0,0,0,0,0,0,0,0,0,0,0,0,0,0,0,0,0,0,0,0,0,0,0,0,0,0,0,0,0,0,0,0,0,0,0,0,0,0,0,0,0,0,0,0,0,0,0,0,0,0,0,0,0,0,0,0,0,0,
4,1,2,0,1,0,0,1,1,0,0,0,0,0,0,0,0,0,0,0,0,0,0,0,0,0,0,1,0,0,0,0,0,0,0,0,0,0,0,0,0,0,0,0,0,0,0,0,0,0,0,0,0,0,0,0,0,0,0,0,0,0,0,0,0,0,0,0,0,0,0,0,0,0,0,0,0,0,0,0,0,0,0,0,0,0,0,0,0,0,0,0,0,0,0,0,0,0,0,0,0,0,0,0,0,0,0,0,0,0,0,0,0,0,0,0,0,0,0,0,0,0,0,0,0,0,0,0,0,0,0,0,0,0,0,0,0,0,0,0,0,0,0,0,0,0,0,0,0,0,0,0,0,0,0,0,0,0,0,0,0,0,0,0,0,0,0,0,0,0,0,0,0,0,0,0,0,0,0,0,0,0,0,0,0,0,0,0,0,0,0,0,0,0,0,0,0,0,0,0,
5,1,1,0,0,0,0,0,0,0,0,0,0,0,0,0,0,0,0,0,0,0,0,0,0,0,0,1,0,0,0,0,0,0,0,0,0,0,0,0,0,0,0,0,0,0,0,0,0,0,0,0,0,0,0,0,0,0,0,0,0,0,0,0,0,0,0,0,0,0,0,0,0,0,0,0,0,0,0,0,0,0,0,0,0,0,0,0,0,0,0,0,0,0,0,0,0,0,0,0,0,0,0,0,0,0,0,0,0,0,0,0,0,0,0,0,0,0,0,0,0,0,0,0,0,0,0,0,0,0,0,0,0,0,0,0,0,0,0,0,0,0,0,0,0,0,0,0,0,0,0,0,0,0,0,0,0,0,0,0,0,0,0,0,0,0,0,0,0,0,0,0,0,0,0,0,0,0,0,0,0,0,0,0,0,0,0,0,0,0,0,0,0,0,0,0,0,0,0,0,
1,1,1,0,0,0,1,0,0,0,0,0,0,0,0,0,0,0,0,0,0,0,0,0,0,0,0,0,0,0,0,0,0,0,0,0,0,0,0,0,0,0,0,0,0,0,0,0,0,0,0,0,0,0,0,0,0,0,0,0,0,0,0,0,0,0,0,0,0,0,0,0,0,0,0,0,0,0,0,0,0,0,0,0,0,0,0,0,0,0,0,0,0,0,0,0,0,0,0,0,0,0,0,0,0,0,0,0,0,0,0,0,0,0,0,0,0,0,0,0,0,0,0,0,0,0,0,0,0,0,0,0,0,0,0,0,0,0,0,0,0,0,0,0,0,0,0,0,0,0,0,0,0,0,0,0,0,0,0,0,0,0,0,0,0,0,0,0,0,0,0,0,0,0,0,0,0,0,0,0,0,0,0,0,0,0,0,0,0,0,0,0,0,0,0,0,0,0,0,0,
2,1,0,4,0,0,0,0,0,0,0,0,0,0,0,0,0,0,0,0,0,0,0,0,0,0,0,0,0,0,0,0,0,0,0,0,0,0,0,0,0,0,0,0,0,0,0,0,0,0,0,0,0,0,0,0,0,0,0,0,0,0,0,0,0,0,0,0,0,0,0,0,0,0,0,0,0,0,0,0,0,0,0,0,0,0,0,0,0,0,0,0,0,0,0,0,0,0,0,0,0,0,0,0,1,0,0,0,0,0,0,0,0,0,0,0,0,0,0,0,0,0,0,0,0,0,0,0,0,0,0,0,0,0,0,0,0,0,0,0,0,0,0,0,0,0,0,0,0,0,0,0,0,0,0,0,0,0,0,0,0,0,0,0,0,0,0,0,0,0,0,0,0,0,0,0,0,0,0,0,0,0,0,0,0,0,0,0,0,0,0,0,0,0,0,0,0,0,0,0,
1,0,1,1,1,2,0,0,1,0,0,0,0,0,0,0,0,0,0,0,0,0,0,0,0,0,0,0,0,0,0,0,0,0,0,0,0,0,0,0,0,0,0,0,0,0,0,0,0,0,0,0,0,0,0,0,0,0,0,0,0,0,0,0,0,0,0,0,0,0,0,0,0,0,0,0,0,0,0,0,0,0,0,0,0,0,0,0,0,0,0,0,0,0,0,0,0,0,0,0,0,0,0,0,0,0,0,0,0,0,0,0,0,0,0,0,0,0,0,0,0,0,0,0,0,0,0,0,0,0,0,0,0,0,0,0,0,0,0,0,0,0,0,0,0,0,0,0,0,0,0,0,0,0,0,0,0,0,0,0,0,0,0,0,0,0,0,0,0,0,0,0,0,0,0,0,0,0,0,0,0,0,0,0,0,0,0,0,0,0,0,0,0,0,0,0,0,0,0,0,
2,1,0,1,0,2,0,0,0,0,0,0,0,0,0,0,0,0,0,0,0,0,0,0,0,0,0,0,0,0,0,0,0,0,0,0,0,0,0,0,0,0,0,0,0,0,0,0,0,0,0,0,0,0,0,0,0,0,0,0,0,0,0,0,0,0,0,0,0,0,0,0,0,0,0,1,0,0,0,0,0,0,0,0,0,0,0,0,0,0,0,0,0,0,0,0,0,0,0,0,0,0,0,0,0,0,0,0,0,0,0,0,0,0,0,0,0,0,0,0,0,0,0,0,0,0,0,0,0,0,0,0,0,0,0,0,0,0,0,0,0,0,0,0,0,0,0,0,0,0,0,0,0,0,0,0,0,0,0,0,0,0,0,0,0,0,0,0,0,0,0,0,0,0,0,0,0,0,0,0,0,0,0,0,0,0,0,0,0,0,0,0,0,0,0,0,0,0,0,0,
0,2,0,1,0,0,4,0,0,0,0,0,0,0,0,0,0,1,0,0,0,0,0,1,0,0,0,0,0,1,0,0,0,0,0,0,0,0,0,0,0,0,0,0,0,0,0,0,0,0,0,0,0,0,0,0,0,0,0,0,0,0,0,0,0,0,0,0,0,0,0,0,0,0,0,0,0,0,0,0,0,0,0,0,0,0,0,0,0,0,0,0,0,0,0,0,0,0,0,0,0,0,0,0,0,0,0,0,0,0,0,0,0,0,0,0,0,0,0,0,0,0,0,0,0,0,0,0,0,0,0,0,0,0,0,0,0,0,0,0,0,0,0,0,0,0,0,0,0,0,0,0,0,0,0,0,0,0,0,0,0,0,0,0,0,0,0,0,0,0,0,0,0,0,0,0,0,0,0,0,0,0,0,0,0,0,0,0,0,0,0,0,0,0,0,0,0,0,0,0,
31,16,11,8,6,8,8,2,2,3,4,0,0,2,1,1,1,0,2,0,0,0,0,2,1,0,0,2,0,1,3,0,1,0,1,0,0,1,0,0,1,0,0,0,1,0,0,0,0,0,0,0,0,0,0,1,0,0,0,0,0,0,0,0,0,0,0,1,0,0,0,0,0,0,0,0,0,0,0,0,0,0,1,0,0,0,0,0,0,0,0,1,0,0,0,0,0,0,0,0,0,0,0,0,0,0,0,0,0,0,0,1,0,1,0,0,0,0,0,0,0,0,0,0,0,0,0,0,0,1,0,0,0,0,0,0,0,0,0,0,0,0,0,0,0,0,0,0,0,0,0,0,0,0,0,0,0,0,0,0,0,0,0,0,0,0,0,0,0,0,0,0,1,0,0,0,0,0,0,0,0,0,0,0,0,0,0,0,0,0,0,0,0,0,0,0,0,0,0,0,
24,17,10,11,3,6,3,1,2,0,2,1,2,1,5,0,2,1,0,0,1,1,2,2,0,2,2,1,0,1,0,1,0,0,0,0,0,0,0,0,1,0,0,0,1,1,1,0,0,0,0,0,1,0,1,0,0,0,0,0,0,0,0,0,0,1,0,0,1,0,0,0,0,0,0,0,0,0,0,0,0,0,0,0,0,0,0,0,0,0,0,0,0,0,0,0,0,0,0,0,0,0,0,0,0,0,0,1,0,0,0,0,0,0,0,0,0,0,0,0,0,0,0,0,0,0,0,0,0,0,0,0,0,0,0,0,0,0,0,0,0,0,0,0,0,0,0,0,0,0,0,0,0,0,0,0,0,0,0,0,0,0,0,0,0,0,0,0,0,0,0,0,0,0,0,0,0,0,0,1,0,0,0,0,0,0,0,0,0,0,0,0,0,0,0,0,0,0,0,0,
31,17,10,8,4,9,4,3,2,3,2,2,2,4,0,4,1,1,0,0,1,0,1,1,0,0,0,0,0,1,1,0,0,1,0,0,0,0,0,0,0,0,2,0,0,0,2,0,0,0,1,0,1,0,0,0,0,0,0,0,0,0,0,0,0,0,0,0,0,0,0,0,0,0,0,0,0,0,0,0,0,0,0,0,0,1,0,0,1,0,0,0,0,0,0,0,0,0,0,0,0,0,0,0,0,0,0,0,0,0,0,0,0,0,0,0,1,0,0,0,0,0,0,0,0,0,0,0,0,0,0,0,0,0,0,0,0,0,0,0,0,0,0,1,0,0,0,0,0,0,0,0,0,0,0,0,0,0,0,0,0,0,0,0,0,0,0,0,0,0,0,0,0,0,0,0,0,0,0,0,0,0,0,0,0,0,0,0,0,1,0,0,0,0,0,0,0,0,0,0,
26,15,13,9,8,4,4,4,6,3,2,2,2,2,3,4,2,1,0,3,3,0,1,0,4,2,1,0,0,0,0,1,1,0,0,1,0,0,0,1,0,1,0,0,0,0,0,0,0,0,1,0,0,0,0,0,0,0,0,0,0,0,0,0,0,0,0,0,0,0,0,0,1,0,0,0,0,0,1,0,0,0,0,0,1,0,0,1,0,0,0,0,0,0,0,0,0,0,0,0,0,0,0,0,0,0,0,0,0,0,0,1,0,0,0,0,0,0,0,0,0,0,0,0,0,0,0,0,0,0,0,0,0,0,0,0,0,0,0,0,0,0,0,0,0,0,0,0,1,0,0,0,0,0,0,0,0,0,0,0,0,0,0,0,0,0,0,0,0,0,0,0,0,0,0,0,0,0,0,0,0,0,0,0,0,0,0,0,0,0,0,0,0,0,0,0,0,0,0,0,
26,12,20,14,9,10,5,1,3,3,1,0,2,2,2,1,0,2,1,0,0,0,1,0,0,0,0,1,1,0,0,2,0,0,0,0,0,0,0,1,0,0,0,0,0,0,1,0,0,1,0,0,1,0,0,0,0,0,0,0,1,0,1,0,1,0,1,0,0,1,0,1,0,0,0,0,0,0,0,0,0,0,0,1,0,0,0,0,0,0,0,0,0,0,0,0,0,0,0,0,0,0,0,0,0,0,0,0,0,0,0,0,0,0,0,0,0,0,0,0,0,0,0,0,0,0,0,0,0,0,0,0,0,0,0,0,0,0,0,0,0,0,0,0,0,0,0,0,0,0,0,0,0,0,0,0,0,0,0,0,0,0,0,0,0,0,0,0,0,0,0,0,0,0,0,0,0,0,0,0,0,0,0,0,0,0,0,0,0,0,0,0,0,0,0,0,0,0,0,0,
21,23,15,8,6,2,8,1,4,2,2,3,1,2,2,3,5,1,1,0,0,3,1,1,1,0,0,0,2,0,0,2,0,0,0,0,1,0,1,0,0,1,0,2,0,0,0,0,0,0,1,1,1,2,0,0,0,0,0,0,1,0,0,0,0,0,0,0,0,1,0,0,0,0,0,0,0,0,0,0,0,0,0,0,0,0,1,0,0,0,0,0,0,0,0,0,0,0,0,0,0,0,0,0,0,1,0,0,0,0,0,0,0,0,1,0,0,0,0,0,1,0,0,0,0,0,0,0,0,0,0,0,0,0,0,0,0,0,0,0,0,0,0,0,0,0,0,0,0,0,0,0,1,0,0,0,0,1,0,0,0,0,0,0,0,0,0,0,0,0,0,0,0,0,0,0,0,0,0,1,0,0,0,0,0,0,0,0,0,0,0,0,0,0,0,0,0,0,0,0,
30,18,8,7,7,8,3,2,1,2,2,2,1,3,2,2,4,1,0,1,0,2,0,1,1,0,1,1,0,0,1,0,0,0,0,3,0,3,0,0,1,2,0,0,0,0,0,0,0,0,0,0,0,0,0,0,0,0,0,0,0,0,0,0,0,0,0,0,0,0,0,0,0,0,0,0,0,0,0,1,0,0,0,0,0,1,0,0,0,0,0,0,0,0,0,0,0,0,0,0,0,1,0,1,0,0,0,0,0,0,0,0,0,0,0,0,0,0,0,0,0,1,0,0,0,0,0,0,0,0,0,0,0,0,0,0,0,0,0,0,0,0,0,0,0,0,0,0,0,0,0,0,0,0,0,0,0,0,0,0,0,0,0,0,0,0,0,0,0,0,0,0,0,0,0,0,0,0,0,0,0,0,0,0,0,0,0,0,0,0,0,0,0,0,0,0,0,0,0,0,
21,16,16,12,9,5,5,5,3,5,4,2,2,2,4,2,1,1,3,0,0,0,1,1,2,0,0,2,0,1,0,1,1,3,0,0,0,1,1,0,0,0,0,0,0,0,0,0,1,0,0,0,0,0,0,0,1,0,0,0,0,0,0,0,0,0,0,0,0,0,0,0,0,0,0,0,0,0,0,0,0,0,0,1,0,0,0,0,0,0,0,0,0,0,0,0,0,0,0,0,0,0,0,0,0,0,0,0,0,1,0,1,0,0,0,0,0,1,0,0,0,0,0,0,0,0,0,0,0,0,0,0,0,0,0,0,0,0,0,0,0,0,0,0,0,0,0,0,0,0,0,0,0,0,0,0,0,0,0,0,0,0,0,0,0,0,0,1,0,0,0,0,1,0,0,0,1,0,0,0,0,0,0,0,0,0,0,0,0,0,0,0,1,0,0,0,0,0,0,0,
29,14,10,9,5,4,5,2,3,2,0,2,3,1,0,2,2,0,1,1,3,0,1,1,1,0,2,1,0,1,0,1,0,0,0,0,0,0,0,0,3,0,0,1,0,0,0,0,0,0,1,1,0,0,0,0,0,1,0,0,1,0,1,0,0,0,1,0,0,0,1,0,0,0,0,0,0,0,0,0,1,0,0,0,0,0,0,0,0,0,0,0,0,0,0,0,0,0,0,0,0,0,0,0,0,0,0,1,0,0,0,0,0,0,0,0,0,0,0,0,0,0,0,0,0,0,0,0,0,0,0,0,0,0,0,1,0,0,0,0,0,0,0,0,1,0,0,0,0,0,0,0,0,0,0,0,0,0,0,0,0,0,0,0,0,0,0,0,0,0,0,0,0,0,0,0,0,0,0,0,0,0,0,0,0,0,0,0,1,0,0,0,0,0,0,0,0,0,0,0,
29,16,9,8,5,6,4,5,3,2,0,0,3,0,1,2,2,1,2,2,0,1,0,0,0,1,0,0,0,0,0,0,0,1,1,0,1,0,0,2,0,0,1,0,1,0,0,0,0,0,0,0,1,0,0,0,0,0,0,0,0,0,0,0,0,0,0,0,0,0,0,1,0,0,0,0,0,0,0,0,0,0,0,0,0,0,0,0,0,0,0,0,0,1,0,0,0,0,0,0,0,0,0,0,0,0,0,0,0,0,0,0,0,0,0,0,1,0,0,0,0,0,0,0,0,0,0,0,0,0,0,0,0,0,0,0,0,0,0,0,0,0,0,0,0,0,0,0,0,0,0,0,0,0,0,0,0,0,1,0,0,0,0,0,0,0,0,0,0,1,0,0,0,0,0,0,0,0,0,0,0,0,0,0,1,0,0,0,0,0,0,0,0,0,1,0,0,0,0,0,
24,12,10,13,6,5,2,2,2,3,1,2,0,0,2,4,0,2,1,1,0,1,2,1,0,0,0,1,0,1,0,1,1,0,0,0,0,0,0,0,0,1,0,0,0,0,0,0,0,0,0,0,0,0,0,1,1,0,0,0,0,0,0,0,0,1,0,0,1,0,1,0,2,2,0,0,1,0,0,1,0,0,0,0,0,0,0,0,0,0,0,0,0,0,0,0,0,0,0,0,0,0,0,0,0,1,0,0,0,0,0,0,0,1,0,0,0,0,0,0,0,0,0,0,0,0,0,0,0,0,0,0,0,0,0,0,0,0,0,0,1,0,0,0,0,0,0,0,0,0,0,0,0,0,0,0,0,0,0,0,0,0,0,0,0,0,0,0,0,0,0,0,0,0,0,0,0,0,0,0,0,0,0,0,0,0,0,0,0,0,0,0,0,0,0,0,2,0,0,0,
25,18,14,12,5,11,5,2,0,2,4,1,2,2,1,2,2,0,0,0,0,2,2,3,0,0,0,2,0,1,0,0,0,0,0,0,1,0,0,0,0,0,0,0,0,0,1,0,0,0,0,0,0,0,0,0,0,0,0,0,0,1,0,0,0,0,0,0,0,1,0,0,0,0,0,0,1,0,0,0,0,0,0,0,0,0,0,0,0,0,0,0,0,0,0,0,0,0,0,0,0,0,0,0,0,0,0,0,0,0,0,0,1,0,0,0,0,0,0,0,0,0,0,0,0,0,0,0,0,0,0,0,0,0,0,0,0,0,0,1,0,0,0,0,0,0,0,0,0,0,0,0,0,0,0,0,0,0,0,0,0,0,0,0,0,0,0,0,0,0,0,0,0,0,0,0,0,0,0,0,0,0,0,1,0,0,0,0,0,0,0,0,0,0,0,0,0,0,1,1,
34,18,12,3,7,4,4,3,2,1,6,2,2,2,2,2,0,1,2,2,1,1,1,1,0,1,1,2,0,2,0,1,0,0,0,0,0,1,0,0,0,0,0,0,0,0,0,0,0,2,0,0,0,0,0,0,0,0,0,0,0,0,0,0,0,0,0,0,0,0,0,0,0,0,0,0,0,0,0,0,0,0,1,0,0,0,0,0,0,0,0,0,0,0,0,0,0,0,0,0,0,0,0,0,0,0,0,0,0,0,0,0,0,0,0,0,0,0,0,0,0,0,0,0,0,0,0,0,0,0,0,0,0,0,0,0,0,0,0,0,0,0,0,0,0,0,0,0,0,0,0,0,0,0,0,0,0,0,0,0,0,0,0,0,0,0,0,0,0,0,0,0,0,0,0,0,0,1,0,0,0,0,2,0,0,0,0,0,0,0,1,0,1,0,0,0,0,0,0,0,
34,9,15,11,9,3,7,2,1,3,1,2,2,2,3,0,0,1,1,2,1,1,0,0,3,0,2,1,0,0,2,1,1,0,1,1,1,0,1,0,0,0,1,0,0,1,0,2,0,0,0,0,0,0,0,0,1,0,0,0,0,0,0,0,0,0,1,0,0,0,0,0,0,0,0,0,0,0,0,0,0,0,1,0,0,0,0,0,0,0,0,0,0,0,0,0,0,0,0,0,0,0,0,0,0,0,0,0,0,0,0,1,0,0,1,0,0,0,0,0,0,0,0,0,0,0,0,0,0,0,0,0,0,0,0,0,0,0,0,0,0,0,0,0,0,0,0,1,0,0,0,0,1,0,0,0,0,0,1,0,0,0,0,0,0,1,0,1,0,0,0,0,0,0,0,0,0,0,0,0,0,0,0,0,0,0,0,0,0,0,0,0,0,0,0,0,0,0,0,0,
29,19,16,13,5,7,3,5,1,3,2,4,2,1,1,1,1,0,2,0,0,0,0,2,1,1,0,1,1,0,1,0,1,1,1,1,0,0,0,0,0,0,0,0,0,1,1,1,1,1,0,0,0,0,0,1,0,0,0,0,0,0,0,0,0,0,0,0,0,0,0,0,0,0,0,0,0,0,0,0,0,0,0,0,0,0,1,0,0,0,0,0,0,0,0,0,0,1,0,0,0,0,0,0,0,0,0,0,0,1,0,0,0,0,0,0,1,0,0,0,0,0,0,0,0,1,0,0,0,0,0,0,0,1,0,0,0,0,0,0,0,0,0,0,0,0,0,0,0,0,0,0,0,0,0,0,0,0,0,0,0,0,0,0,0,0,0,0,0,0,0,0,0,0,0,0,0,0,0,0,1,0,0,0,0,0,0,0,0,0,0,0,0,0,0,0,0,0,0,0,
34,19,9,5,3,6,7,5,6,4,1,0,4,0,1,1,0,2,2,1,1,1,1,1,0,0,1,0,1,1,1,0,1,1,1,0,0,0,0,0,1,0,0,0,0,0,0,0,0,1,1,0,0,0,0,0,0,0,0,0,0,1,0,0,1,0,0,0,0,0,0,0,0,0,0,0,0,1,0,0,0,0,0,0,0,0,0,0,0,0,0,0,0,1,0,0,0,0,1,0,0,0,0,0,0,0,0,0,0,0,0,0,0,0,0,0,0,1,0,0,0,0,0,0,0,0,0,0,0,0,0,0,0,0,0,1,0,0,0,0,0,0,0,0,0,0,0,0,0,0,0,0,0,0,0,0,0,0,0,0,1,0,0,0,0,0,0,0,0,0,0,0,0,0,0,0,0,0,0,0,0,0,0,0,0,0,0,0,0,0,0,0,0,0,0,1,0,0,0,0,
27,12,12,11,8,4,9,3,4,3,4,2,1,1,3,1,2,1,1,3,1,3,0,2,1,1,0,1,0,0,0,0,0,1,0,0,0,0,0,2,0,0,3,1,0,0,0,0,0,0,1,0,0,0,0,0,0,0,0,1,0,0,0,0,1,0,0,0,0,0,0,0,0,0,0,0,0,0,0,0,0,0,0,0,0,1,0,0,0,0,0,0,0,1,1,0,0,0,0,0,0,0,0,0,0,0,0,0,0,0,0,0,0,0,0,0,0,0,0,0,0,0,0,0,0,0,0,1,0,0,0,0,0,0,0,0,0,0,0,0,0,0,0,0,0,0,0,0,0,0,0,0,0,0,0,0,0,0,0,0,0,0,0,0,0,0,0,0,0,0,0,0,0,0,0,0,0,0,0,0,0,0,0,0,0,0,0,0,0,0,0,0,0,0,0,0,0,0,0,0,
24,17,11,8,9,7,4,5,3,1,2,1,2,0,2,0,3,1,0,1,1,0,1,0,1,1,0,0,0,1,0,0,2,2,1,1,0,0,0,0,0,0,0,0,0,0,1,0,1,0,1,0,0,0,1,1,0,0,0,0,0,0,0,0,0,0,0,0,0,0,0,1,0,2,0,0,0,0,0,0,0,0,0,0,0,0,0,0,0,0,0,0,0,0,0,0,1,0,0,0,0,0,0,0,0,0,0,0,0,0,0,0,0,0,0,0,0,0,0,0,0,0,0,0,0,0,0,0,0,0,0,0,1,0,0,0,0,0,0,0,0,0,0,0,0,0,0,0,0,0,0,0,0,0,0,0,0,0,0,0,0,0,0,0,0,0,0,0,0,0,0,0,0,0,0,0,0,0,0,0,0,0,0,0,0,0,0,0,0,0,0,0,0,0,0,0,0,0,0,0,
34,19,14,10,8,4,4,1,4,1,3,2,2,2,3,1,1,2,0,1,2,0,1,0,2,0,0,0,1,0,1,0,1,0,0,0,0,0,0,0,0,0,0,0,0,0,1,0,0,0,0,1,0,0,0,0,1,0,0,0,0,0,0,0,0,0,0,0,0,0,0,0,0,0,0,0,1,0,1,0,0,0,1,0,0,0,0,0,0,0,0,0,0,0,0,0,0,0,0,0,0,0,0,0,0,0,0,0,0,0,0,0,0,0,0,0,0,0,0,0,0,1,0,0,0,0,0,0,0,0,0,0,0,0,0,0,0,0,0,0,0,0,0,0,1,0,0,0,0,0,0,0,0,0,0,0,0,0,0,0,0,0,0,0,0,0,0,0,0,0,0,0,0,0,0,0,0,0,0,0,0,0,0,0,0,0,0,0,0,0,0,0,0,0,0,0,0,0,0,0,
27,21,13,10,6,6,5,2,5,2,1,2,2,1,3,0,0,0,1,0,0,2,0,0,0,0,0,0,0,1,0,0,0,0,1,0,1,1,1,0,0,0,0,0,0,0,1,0,0,0,0,0,0,0,0,0,0,0,1,0,0,0,1,1,0,0,0,0,0,0,0,1,0,0,0,0,0,0,0,0,0,0,0,0,0,0,0,0,0,0,0,0,0,0,0,0,0,0,0,1,0,0,0,0,0,0,0,0,0,1,0,0,0,0,0,0,0,0,0,0,0,0,0,0,0,0,0,0,0,1,0,0,0,0,0,0,0,0,0,0,0,0,0,0,0,0,0,0,0,0,0,0,0,0,0,0,0,0,0,0,0,0,0,0,0,0,0,0,0,0,0,0,0,0,0,0,0,0,0,0,0,0,0,0,0,0,0,0,0,0,0,0,0,0,0,0,0,0,0,0,
24,19,18,11,7,3,3,4,3,2,1,3,0,1,2,1,3,0,3,0,1,0,0,0,0,0,0,0,1,0,0,0,0,0,0,1,0,0,0,0,2,0,0,1,0,0,0,0,0,0,0,0,0,0,0,0,0,0,1,0,0,1,0,0,0,0,0,0,0,1,0,0,1,0,0,0,1,0,0,0,0,0,0,0,1,0,0,1,0,0,1,0,0,0,0,0,0,0,0,0,0,0,0,0,0,0,0,0,0,0,0,0,0,0,0,0,0,0,0,0,0,0,0,0,0,0,0,0,0,0,0,0,0,0,0,0,0,0,0,0,0,0,0,0,0,0,0,0,0,0,1,0,0,0,0,0,0,0,0,0,0,1,0,0,0,0,0,0,0,0,0,0,0,0,0,0,0,0,0,0,0,1,0,0,0,0,0,0,0,0,0,0,0,0,0,0,0,0,0,0,
29,23,13,6,6,6,5,1,2,1,1,2,0,2,3,3,2,0,0,2,0,0,0,1,0,1,1,1,1,0,2,0,0,1,0,1,0,0,0,1,1,0,0,0,0,0,0,0,0,0,0,1,1,0,0,0,0,0,0,0,0,0,0,0,0,0,0,0,0,0,0,0,0,0,0,0,0,2,1,0,0,0,0,0,0,0,0,0,0,0,0,0,0,0,0,0,0,0,0,0,0,0,0,1,0,0,0,0,0,0,0,0,0,0,0,0,0,0,0,0,0,0,0,0,0,0,0,0,0,0,0,0,0,0,0,0,0,0,0,0,0,0,0,0,0,1,0,0,0,0,0,0,0,0,0,0,0,0,0,0,0,0,0,0,0,0,0,1,0,0,0,0,0,0,0,0,0,0,0,0,0,0,0,0,0,0,0,0,0,0,0,0,0,0,0,0,1,1,0,0,
28,16,13,20,4,6,3,3,0,3,3,1,6,2,0,1,0,0,2,0,0,1,0,1,1,0,0,0,1,0,1,0,1,0,0,0,1,0,0,0,0,0,0,0,0,0,0,0,0,0,0,0,0,0,0,0,0,0,0,0,0,0,0,0,0,0,0,0,0,0,0,0,0,1,0,0,0,2,0,0,0,0,0,0,0,0,0,0,0,0,0,0,1,0,0,0,0,1,1,0,1,0,0,0,0,0,0,0,0,0,0,0,0,0,0,0,0,0,0,0,0,0,0,0,0,1,0,0,0,1,0,0,1,0,0,0,0,0,0,0,0,0,0,0,0,0,0,0,0,0,0,0,0,0,0,0,0,0,0,0,0,0,0,0,0,0,0,0,0,0,0,0,0,0,0,0,0,0,1,0,0,0,0,0,0,0,0,0,0,0,0,0,0,0,0,0,0,0,0,0,
31,23,7,10,5,7,6,3,4,0,1,1,1,1,1,2,0,2,3,2,1,1,3,0,2,0,0,1,0,2,0,2,1,1,0,0,0,1,0,0,0,0,1,1,0,1,0,0,0,1,0,0,0,0,1,0,0,0,0,0,0,0,0,0,0,0,0,0,0,1,0,0,0,0,0,1,0,0,0,0,0,0,0,0,0,0,0,0,0,0,0,0,0,0,0,0,0,0,0,0,0,0,0,0,0,0,0,0,0,0,0,0,0,0,0,0,0,0,0,0,0,0,0,0,0,0,0,0,0,0,0,1,0,0,0,0,0,0,0,0,0,0,0,0,0,0,0,0,0,0,0,0,0,0,0,0,0,0,1,0,0,0,0,0,0,0,0,0,0,0,0,0,0,0,0,1,0,0,0,0,0,0,0,0,0,0,0,0,0,0,0,0,0,0,0,0,0,0,0,0,
29,23,7,7,7,3,4,4,1,1,0,4,1,1,2,2,4,0,1,0,0,1,2,1,1,1,0,0,2,0,0,1,0,1,0,1,0,0,1,1,0,0,1,0,0,0,1,0,0,0,1,1,0,0,0,0,0,1,0,0,0,0,0,1,0,0,0,1,0,0,0,0,0,1,0,0,2,0,0,0,0,0,0,0,0,0,1,0,0,0,1,0,0,0,0,0,0,0,1,0,0,0,0,1,0,0,0,0,0,0,0,0,1,0,0,0,0,0,0,0,0,0,0,0,0,0,0,0,0,0,0,0,0,0,0,0,0,1,0,0,1,0,0,0,0,0,0,0,0,0,0,0,0,0,1,0,0,0,0,0,0,0,0,0,0,0,0,0,0,0,0,0,0,0,0,0,0,0,0,0,0,0,0,0,0,0,0,0,0,0,0,0,0,0,0,0,0,0,0,0,
27,22,10,10,9,6,9,2,1,5,0,4,2,0,2,1,0,1,0,0,2,1,1,0,0,2,0,0,0,0,0,0,1,1,1,1,0,0,0,2,0,0,0,1,0,0,0,1,0,0,0,0,0,0,0,0,0,0,0,0,0,0,0,0,0,0,1,0,0,0,0,0,1,0,0,0,0,0,0,0,0,0,0,0,0,0,0,0,0,0,0,0,0,0,0,0,0,0,0,0,0,0,0,0,0,0,0,0,0,0,0,0,0,0,0,1,0,0,0,0,0,0,0,0,0,1,0,0,0,0,0,0,0,0,0,0,0,1,0,0,0,0,0,0,0,0,0,0,0,0,0,0,0,0,0,0,0,1,0,0,0,1,0,0,0,0,0,0,0,0,0,0,0,0,0,0,0,0,1,0,0,0,0,0,0,0,0,0,0,0,0,0,0,0,0,0,0,0,0,0,
28,14,8,5,8,4,4,4,3,0,1,0,4,1,2,0,1,0,0,0,0,3,2,1,2,0,0,0,1,0,0,0,0,0,1,0,1,2,0,0,1,0,1,0,0,0,0,0,1,1,0,0,0,2,0,1,0,1,0,0,0,1,0,0,0,0,0,0,0,0,0,0,0,0,0,0,0,0,0,0,0,0,0,0,0,0,0,0,0,0,0,0,0,0,0,1,0,0,0,0,0,0,0,0,0,0,0,0,0,0,0,0,0,1,0,0,0,0,0,0,0,0,0,0,0,0,0,0,0,0,0,0,0,0,0,0,0,0,0,0,0,1,0,0,0,0,0,0,0,0,0,1,0,0,0,0,0,0,0,0,0,0,1,1,0,0,0,0,1,0,0,0,0,0,0,0,0,0,0,0,0,0,0,0,0,0,0,0,0,0,0,0,0,0,1,0,0,0,0,0,
27,17,17,10,5,3,2,5,3,2,1,1,1,3,0,1,0,2,2,0,2,1,1,0,0,0,0,1,1,1,1,3,0,1,0,0,0,2,0,0,1,0,1,0,0,0,1,0,0,0,0,0,0,0,0,0,0,0,0,0,0,0,0,0,0,0,0,0,0,0,1,0,0,0,0,0,0,0,0,0,0,0,0,0,0,0,0,0,0,0,0,0,0,0,0,1,0,1,0,0,1,0,0,0,0,0,0,0,1,0,0,0,0,0,0,0,0,0,0,0,0,0,0,0,0,0,0,0,0,0,0,0,0,0,0,0,0,0,0,1,0,0,0,0,0,0,0,0,1,0,0,0,0,0,0,0,0,0,0,0,0,0,0,0,0,0,0,0,0,0,0,0,0,0,0,0,0,0,0,0,0,0,0,0,0,0,0,0,0,0,0,0,0,0,0,0,0,0,0,0,
29,15,9,10,8,3,4,4,3,1,3,4,1,1,0,0,0,1,0,0,1,2,0,0,1,1,1,1,2,0,1,0,0,0,0,3,0,0,0,0,0,1,1,0,1,0,0,1,1,0,0,0,1,0,0,0,1,0,0,0,0,1,1,0,1,0,0,0,0,0,0,0,0,0,0,0,0,0,0,0,0,0,0,0,0,0,0,0,0,1,0,0,0,0,0,0,0,0,0,0,0,0,0,0,0,0,0,0,0,0,0,0,0,1,0,1,0,0,0,0,0,0,0,1,0,0,0,0,0,0,0,0,0,0,0,0,0,0,0,0,0,0,0,0,0,0,0,0,0,0,0,0,0,0,0,0,0,0,0,0,0,0,0,0,1,0,0,0,0,0,0,0,0,0,0,0,0,1,0,0,0,0,0,0,0,0,0,0,1,0,0,0,0,0,0,0,0,0,0,0,
33,20,12,11,8,3,4,2,2,3,3,1,3,3,2,1,0,1,1,0,2,1,2,1,1,0,1,2,0,1,0,1,0,0,0,0,0,0,1,1,0,0,0,1,0,0,1,0,2,0,0,1,0,0,0,0,0,0,0,0,1,0,0,0,0,1,0,0,0,0,0,0,0,0,0,0,0,0,0,0,0,0,0,0,0,0,0,1,0,0,0,0,0,0,0,0,0,0,0,0,0,0,0,0,0,0,0,0,0,0,0,1,0,0,0,0,0,0,2,0,0,0,0,0,0,0,0,0,0,0,0,0,0,0,0,0,0,0,0,0,0,0,0,0,0,0,0,0,0,0,0,0,0,0,0,0,0,0,0,0,0,0,0,0,0,0,0,0,2,1,0,0,0,0,0,0,1,1,0,0,0,0,0,0,0,0,0,0,0,0,0,0,0,0,0,0,0,0,0,0,
36,25,6,8,7,2,2,4,4,4,3,1,0,0,0,3,1,0,0,2,1,0,0,0,0,2,2,0,1,2,2,0,1,0,0,1,0,0,0,0,1,0,2,0,0,0,0,0,0,0,0,0,0,2,0,0,0,0,0,1,0,0,1,0,0,0,0,1,0,0,0,0,0,0,0,0,0,0,0,0,0,0,0,0,0,0,1,0,0,0,0,0,0,0,1,0,0,0,0,0,0,1,0,1,0,0,0,0,0,0,0,0,0,0,0,0,0,0,0,0,0,0,0,0,0,1,0,0,0,0,0,0,0,0,1,0,0,0,0,0,0,0,0,0,0,0,1,0,0,0,0,0,1,0,0,0,0,0,0,0,0,0,0,0,0,0,0,0,0,0,1,0,0,0,0,0,0,0,0,0,0,0,0,0,0,0,0,0,0,0,0,0,0,0,0,0,0,0,0,0,
30,20,13,7,8,6,3,5,2,3,1,1,3,1,1,3,0,1,0,1,0,0,1,1,0,0,0,0,0,0,2,0,0,1,0,0,0,0,0,0,0,0,1,0,1,0,0,0,0,0,0,0,0,1,0,0,0,0,0,1,0,0,0,0,0,0,0,0,0,0,0,0,0,0,0,0,0,0,0,0,0,0,0,0,0,0,0,0,0,0,0,0,0,0,0,0,0,0,0,0,0,0,1,0,1,0,0,0,0,0,1,0,0,0,0,0,0,0,0,0,0,0,0,1,0,0,0,0,0,0,0,0,0,0,1,0,0,0,0,0,0,0,0,0,0,0,0,0,0,0,0,0,0,0,0,0,0,0,0,0,0,0,0,0,0,0,0,1,0,1,0,0,0,0,0,0,0,0,0,0,0,0,1,0,0,0,0,1,0,0,0,0,0,0,0,0,0,0,0,0,
35,14,6,10,7,12,3,0,4,0,2,1,2,1,0,1,0,0,1,2,1,0,1,1,1,1,0,0,2,0,0,0,0,0,0,1,0,0,0,0,0,0,0,0,1,0,1,0,0,0,0,0,0,0,0,0,1,0,0,0,0,1,0,0,0,0,1,0,0,0,0,0,0,0,0,0,0,0,0,0,0,0,0,0,0,0,0,1,0,0,0,0,0,0,0,0,0,0,0,0,0,0,0,0,0,0,0,0,0,0,1,0,0,0,0,0,0,0,0,0,0,0,0,0,0,0,0,0,0,0,0,0,1,0,0,0,0,0,0,0,0,0,0,0,0,0,0,0,0,0,1,0,0,0,0,0,0,0,1,0,0,0,0,0,0,0,1,0,0,0,0,0,0,0,0,0,0,0,0,0,0,0,0,0,0,0,0,0,0,0,0,0,0,1,0,0,0,0,0,0,
34,18,10,13,6,4,3,3,3,1,1,0,4,1,2,1,1,0,1,1,0,2,1,1,0,0,0,3,1,2,0,1,0,0,0,0,0,0,0,0,1,0,0,0,1,0,0,1,0,0,0,0,0,0,0,1,0,0,0,1,0,1,0,0,0,0,1,0,0,0,0,0,0,0,0,0,0,0,0,0,0,1,0,0,1,0,0,0,1,0,0,0,0,0,0,0,1,0,0,0,0,2,0,0,0,0,0,1,0,0,0,0,0,0,0,0,0,0,0,0,0,0,0,0,0,0,0,0,0,0,0,0,0,0,0,0,1,0,0,0,0,0,0,0,0,0,0,1,0,0,0,0,0,0,0,0,0,0,0,0,0,0,0,0,1,1,0,1,0,0,0,0,0,0,0,0,0,0,0,0,0,0,0,0,0,0,0,0,0,0,0,0,0,0,0,0,1,0,0,0,
31,22,12,8,4,5,6,5,2,1,3,2,0,2,3,0,1,1,1,0,0,1,0,1,1,0,2,0,0,0,0,0,2,0,0,0,0,1,0,0,0,0,0,0,1,0,0,0,0,0,1,1,0,0,1,1,0,0,0,0,0,0,0,0,0,0,0,0,0,0,0,1,0,0,0,1,1,1,0,0,0,0,0,0,0,0,0,0,0,1,0,0,0,0,0,1,0,0,0,0,0,0,0,0,0,0,0,0,0,0,0,0,0,0,0,0,0,1,0,0,0,0,0,0,0,0,0,0,0,0,1,0,0,0,0,0,0,0,0,0,0,0,0,0,0,0,0,1,0,0,0,0,0,0,1,0,0,0,0,0,0,0,0,0,0,0,0,0,0,0,0,0,0,0,0,0,1,0,0,0,0,0,0,0,0,0,0,0,0,0,0,0,0,0,0,0,0,0,0,0,
29,12,14,5,5,3,4,5,3,2,0,1,1,1,1,2,1,0,1,2,0,0,0,2,0,0,1,1,0,0,0,1,1,2,0,1,3,0,0,1,0,0,0,0,0,0,0,0,0,0,1,0,1,0,0,1,0,0,1,0,0,0,1,0,0,0,1,0,0,0,1,0,0,0,1,0,0,0,0,0,1,0,0,0,0,0,0,0,0,1,0,1,0,0,0,1,0,0,0,0,0,0,0,0,0,0,0,0,0,0,0,0,0,0,0,0,0,0,0,0,0,1,0,0,0,0,0,0,1,0,0,0,0,0,0,0,0,0,0,0,0,0,0,0,0,0,0,0,0,0,0,0,0,0,0,0,0,0,0,0,0,0,0,0,0,0,0,0,0,0,0,0,0,0,0,0,0,0,0,0,0,0,0,0,0,0,0,0,0,0,0,0,0,0,0,0,0,0,0,0,
24,23,12,6,3,7,2,7,2,2,3,1,2,1,0,3,0,1,0,0,1,1,1,0,1,0,1,0,0,0,0,2,0,0,0,2,0,1,0,0,0,0,0,1,0,1,1,1,1,0,1,0,1,0,0,0,1,0,1,0,0,0,0,0,0,1,0,0,0,0,0,0,0,0,0,0,0,0,0,0,2,0,0,1,0,0,1,0,0,1,0,0,0,0,0,0,0,0,0,0,0,0,0,0,0,0,0,0,1,0,0,0,0,1,0,0,0,0,0,1,0,0,0,0,0,0,0,0,0,0,0,1,0,0,0,0,0,0,0,0,0,0,0,0,0,0,0,0,0,0,0,0,0,0,0,0,0,0,0,0,0,0,0,0,0,0,0,0,0,0,0,1,0,0,0,0,0,0,0,0,0,0,0,0,0,0,0,0,0,0,0,0,0,0,0,0,0,0,0,0,
26,21,11,6,7,4,2,3,4,2,1,4,0,1,1,0,1,3,0,1,2,0,1,0,1,1,0,1,1,2,1,1,1,0,0,0,0,0,0,0,1,0,0,0,0,0,0,0,0,0,0,0,0,0,0,0,2,0,0,0,0,0,2,0,0,0,1,0,0,1,0,0,0,0,0,0,0,0,0,0,0,0,0,0,0,1,0,0,0,0,0,0,1,0,0,0,0,0,0,0,0,0,0,0,0,0,0,0,0,0,0,0,0,0,0,0,0,1,0,0,0,0,0,0,0,0,0,1,0,0,0,0,0,0,0,0,0,0,0,0,0,0,0,0,0,0,0,0,0,0,1,0,0,0,0,0,0,0,0,0,0,0,0,1,0,0,0,0,0,0,0,0,0,0,0,0,0,0,0,0,0,0,0,0,0,0,0,0,0,0,0,0,0,0,0,0,0,0,0,0,
32,15,11,9,5,6,2,2,0,2,1,2,1,3,3,0,0,2,0,1,0,0,0,1,1,1,1,3,0,1,0,0,0,0,0,0,0,0,1,0,0,0,0,2,0,0,1,1,0,0,0,0,0,0,0,0,0,0,0,0,0,0,0,0,1,0,0,2,0,0,0,0,0,0,0,0,0,0,0,0,1,0,0,0,0,0,1,0,0,0,0,1,0,0,0,0,0,0,0,0,0,0,0,0,0,0,0,0,0,0,0,0,0,0,0,0,0,0,0,0,0,0,0,0,0,0,0,0,0,0,0,0,0,0,0,0,0,0,0,0,0,1,0,0,0,0,0,0,0,0,0,0,0,0,0,0,0,0,0,0,0,0,0,0,0,0,0,0,0,0,0,0,0,1,0,0,0,0,0,0,0,0,0,0,0,0,0,0,0,0,0,0,0,0,0,0,0,0,0,0,
30,15,11,2,10,3,5,3,3,2,3,2,0,1,0,2,0,0,1,0,2,0,0,0,0,0,0,0,1,0,0,0,0,1,0,2,0,0,1,1,1,0,1,1,0,0,0,0,0,1,0,1,0,1,1,0,1,0,0,0,0,0,0,0,0,0,0,0,0,0,0,0,0,0,0,0,0,0,0,0,0,0,0,1,0,0,0,0,0,0,0,0,0,0,0,0,0,0,1,1,0,0,0,0,0,1,0,0,0,0,0,0,0,0,0,0,0,0,0,0,0,0,0,0,0,0,0,0,0,0,0,0,0,0,0,0,0,0,1,0,0,0,0,0,0,0,0,0,0,0,0,0,0,0,0,0,0,0,0,0,0,0,0,0,0,0,0,0,0,0,0,0,0,0,0,0,0,0,0,0,0,0,0,0,0,0,0,0,0,0,0,0,0,0,0,0,0,0,0,0,
