0.010468806909828876 -0.006670482335189076
0.045762006347884965 -0.006472761329933796
0.08843852437691835 0.0038503564181280314
0.14603777511837235 0.0008116967584161916
0.2091940267443675 0.0011655132941361668
0.272365887923409 -0.001841927259482734
0.3318070659243455 -0.0015089234611580515
0.40795046568499926 0.00227899474478388
0.5045423799365212 0.002820125917061267
0.5806857796971749 0.00660804412300342
0.6606066912950725 -0.0030282532910139714
0.7200478692960093 -0.002695249492689511
0.7497372391903843 0.004193766585150138
0.7621936625214636 0.12191060929288733
0.7657214215099641 0.1622665071023467
0.7692023518393258 0.21270617617982213
0.7780841875227635 0.3001508923461158
0.7831572922628653 0.40774233831104634
0.7976273479369376 0.4918570164940943
0.8026067953587595 0.619616004995057
0.8077735574171394 0.7070399084239554
0.8184192725948278 0.8146625734949788
0.819761694156824 0.9255944638118527

