3.352008 9.443415 8.586117 -0.163896 -0.217378 -0.567683 
6.048799 4.531578 8.639567 -0.495508 -0.759276 0.522752 
0.123778 6.330262 5.023898 0.629572 0.849586 0.481449 
8.863394 4.882527 7.954368 -0.434945 0.708014 -0.567223 
8.116326 8.001787 0.779031 -0.623583 0.183446 -0.475831 
6.760007 6.224301 1.142337 0.264135 0.969555 0.424310 
5.339409 0.113955 6.369421 0.443561 0.746403 0.431334 
8.043685 6.445318 0.874414 -0.427314 0.915756 0.335795 
8.527496 0.588017 8.728755 -0.875059 0.014656 -0.752061 
6.903428 5.756730 0.269615 -0.394023 0.384527 0.495378 
9.084987 7.788837 1.459378 0.330313 0.163525 0.096859 
9.145728 2.242257 3.578626 -0.663048 -0.710728 0.395417 
9.010891 4.492092 2.039645 -0.278730 -0.290403 0.580117 
4.173648 5.542039 2.574268 -0.801264 -0.088957 -0.532412 
5.163795 9.985133 3.533442 0.891646 -0.499628 0.556204 
2.116285 9.004226 7.358382 0.790931 -0.158849 0.628033 
8.643902 2.279946 0.361645 0.389899 -0.611306 0.101867 
9.895569 8.678824 9.169483 -0.002907 0.619976 -0.880972 
6.775125 6.466181 8.887046 0.916359 0.993546 0.170846 
9.906629 0.873681 8.020090 0.923264 0.765349 -0.612870 
7.956501 4.286417 2.945347 0.356488 0.721449 -0.502459 
9.662324 9.820500 8.807404 0.078335 -0.792750 -0.476171 
7.685371 5.584897 1.922050 -0.401374 -0.752840 0.234476 
8.808747 0.906687 2.016826 -0.513654 -0.857758 0.524957 
5.562561 1.162807 7.855654 -0.838284 -0.819728 0.722821 
4.291256 0.563049 8.474023 0.575694 -0.401252 0.029033 
5.221743 5.559992 5.199647 0.931666 0.642636 0.279789 
3.791842 8.855662 0.562555 -0.835852 -0.016684 0.339456 
3.459544 7.495225 7.540144 -0.328889 -0.594822 -0.321894 
1.092273 7.586929 1.696555 0.565238 -0.407298 0.216324 
6.516320 4.409672 3.553721 -0.074049 -0.665153 -0.454338 
2.938720 1.681578 1.939831 -0.632837 0.842165 -0.119718 
5.869613 3.702739 1.831229 -0.954965 -0.248069 0.300262 
0.293667 8.807983 7.784949 -0.632051 -0.973884 -0.152636 
1.085116 2.259743 6.256131 0.822747 0.738846 -0.799040 
4.431300 4.693238 1.769600 0.019829 -0.851814 -0.387099 
5.644789 4.594513 4.240650 0.507557 0.052824 0.235810 
0.654221 6.649435 3.506861 -0.444384 -0.924236 -0.336740 
2.657961 3.079719 0.265586 -0.643717 0.898981 -0.319299 
9.327250 8.437229 8.337152 0.022499 -0.192268 -0.970046 
2.024133 3.829476 3.600512 0.408716 -0.634125 0.653387 
9.870992 9.347813 2.468786 -0.444192 -0.892892 0.771863 
5.647726 7.878259 9.482118 0.688981 -0.945059 -0.016704 
1.892370 2.560140 1.755571 -0.823126 -0.977058 0.683597 
2.772231 5.266200 5.958312 -0.775004 -0.899456 0.582442 
3.966435 3.622091 1.828485 0.089952 -0.472444 0.330246 
2.882909 8.658926 5.508739 0.958924 -0.901160 -0.313051 
8.072941 4.780666 1.375399 0.257150 -0.579399 -0.537213 
4.801134 4.693691 2.816007 -0.885896 0.758690 -0.093774 
5.495893 5.575489 1.197374 0.876734 0.962857 0.034056 
3.428669 4.825206 1.054472 -0.782143 -0.150091 -0.998211 
9.468546 1.419378 0.738262 0.106555 0.984185 0.066931 
7.510271 1.926765 2.409281 -0.655073 -0.937519 0.560665 
2.088140 4.863315 6.918859 -0.843610 -0.389390 -0.016258 
2.873277 1.390143 3.490054 -0.046399 0.719626 0.105936 
8.372657 8.268094 7.668574 -0.454957 -0.896402 0.728509 
4.665083 0.221036 2.520478 -0.883697 0.888285 -0.371845 
2.085867 1.108784 4.596878 -0.251782 -0.090516 0.459508 
1.443185 5.406483 0.982560 -0.493867 0.133550 -0.199429 
8.571304 0.339023 0.496960 0.778912 -0.804620 0.167848 
8.818089 8.601270 0.349287 -0.362545 -0.398879 -0.165345 
8.233489 9.720330 8.332556 0.301287 0.861706 0.174407 
0.826617 5.927841 6.321898 -0.513851 0.899584 -0.838906 
0.770282 3.911338 4.166513 0.169460 0.939449 -0.951450 
6.139678 6.842109 0.318685 0.945561 0.260208 0.508816 
5.726545 7.646033 0.865664 0.803799 0.583817 -0.618935 
0.525603 5.312097 9.628576 0.893919 -0.771292 0.027219 
1.792946 5.450725 5.372384 0.765382 0.665769 0.542826 
6.180196 2.455593 2.104111 -0.109309 -0.144512 0.027128 
7.660020 0.039654 3.378260 -0.404095 -0.070852 -0.351722 
2.341319 2.598971 6.621408 0.707931 0.597480 -0.978295 
1.051291 8.870129 1.390130 0.386839 -0.544964 -0.739505 
7.775277 7.890825 2.931116 -0.775663 -0.478730 -0.763277 
3.532685 0.316928 6.992734 -0.463496 0.819422 -0.570361 
3.112383 6.433524 7.672998 -0.041564 0.586962 0.426251 
8.171747 6.274338 5.375596 -0.845294 0.212114 0.668671 
2.323725 9.889675 4.204454 0.950385 -0.805654 -0.162516 
9.720633 3.245561 1.674674 -0.929430 -0.613424 -0.572718 
4.814200 2.318645 8.079388 -0.634216 -0.694766 0.465723 
8.025415 0.850541 9.817382 0.975667 0.597391 0.511840 
6.635371 4.897276 4.958209 0.517331 0.418335 -0.803645 
8.972209 4.176346 0.641596 0.289125 -0.985340 -0.781530 
1.488894 8.266513 7.729470 -0.455286 -0.303715 0.128496 
2.189680 9.176533 1.994763 0.726057 0.237817 -0.562047 
1.913827 7.101264 7.572979 -0.215801 0.464060 0.505871 
8.087802 6.780628 2.009294 0.240896 -0.182731 -0.916825 
1.355417 1.710760 2.225413 0.273126 -0.987557 0.693754 
4.767067 7.527244 0.940036 -0.506217 -0.892226 -0.618878 
4.590960 7.270486 7.467205 0.812398 0.827178 0.902022 
7.588671 0.878669 2.232257 -0.047557 -0.149484 0.164028 
3.695188 8.874354 9.526944 0.860894 -0.657692 0.384937 
8.782485 8.806101 2.772114 -0.588872 -0.372658 -0.068142 
8.164590 9.624247 2.473674 0.784548 0.646470 -0.153166 
7.484019 8.872881 1.746805 0.526602 0.369972 -0.760123 
6.848923 2.121886 9.173182 -0.368060 0.379961 0.158091 
0.178462 7.409060 7.521196 -0.459410 0.902486 -0.914546 
5.727866 2.264845 9.572571 -0.802274 -0.837826 0.518005 
1.925762 1.889647 3.361185 0.630040 0.552363 0.309463 
3.010495 4.486770 2.096085 0.116122 0.473976 -0.123061 
5.393407 8.753381 9.991505 -0.597556 -0.458398 -0.549726 
6.976686 9.125110 3.053302 0.112352 -0.061295 -0.135811 
5.982382 7.988408 2.101336 0.870861 -0.428500 0.481900 
1.079843 3.398205 1.534346 0.671397 0.269872 0.587055 
0.380938 7.476045 6.056735 0.281322 0.806774 0.953117 
0.214764 4.382938 7.430555 0.788477 0.052517 0.213411 
1.964466 8.395218 9.683856 0.937638 -0.831511 -0.533311 
4.533686 9.740577 4.810788 -0.916313 0.914913 0.332158 
3.989814 1.268688 3.320562 0.836225 -0.885285 -0.832472 
7.319518 4.083014 5.333988 0.969090 -0.579415 0.393338 
4.865426 4.504802 0.415490 0.374369 0.856789 0.210367 
3.379865 0.145984 3.469500 -0.876462 0.907493 -0.002197 
2.378630 2.197291 5.005463 0.793810 -0.840788 -0.374075 
2.340891 6.568821 8.794168 -0.848082 -0.763106 0.978606 
8.561719 0.051111 5.993070 0.728879 -0.856328 -0.506654 
3.872403 0.411459 1.878227 -0.631240 -0.298525 0.874355 
6.948108 4.791130 2.703141 -0.639398 -0.749623 -0.688805 
8.581081 1.872507 2.097807 -0.401883 0.516277 0.815138 
4.856529 3.632683 1.081969 -0.178187 0.170250 0.770666 
0.607410 1.222060 0.046968 -0.807166 0.739211 0.837164 
0.499424 3.229952 2.427807 -0.973779 -0.223469 0.973764 
2.338149 2.532345 2.625361 -0.275909 -0.976501 -0.712993 
1.849204 2.911384 4.064532 -0.884303 -0.151015 0.787276 
8.984765 5.928429 8.629835 -0.937745 0.760589 0.840912 
3.023438 0.573172 9.091912 0.335517 0.868415 0.536587 
6.903011 6.969457 1.951047 -0.321985 0.262268 -0.904852 
8.305991 1.311027 1.140614 -0.625165 0.989287 -0.974022 
4.495200 7.853369 5.791956 0.297999 -0.532966 -0.265973 
1.243602 6.616476 7.057997 -0.129796 0.424003 -0.055935 
6.997178 6.346869 3.019973 -0.656587 0.465487 0.671129 
3.378044 2.613718 1.279231 0.721149 -0.563927 0.279802 
7.550757 9.998298 1.524822 0.120470 0.317061 -0.544220 
6.775278 0.884084 3.854734 -0.301292 0.652482 -0.010209 
9.538163 6.225983 7.783448 -0.647082 -0.103561 -0.699532 
8.995013 1.516514 9.529949 -0.860032 -0.098890 -0.552873 
2.592056 6.732607 2.085446 0.381172 -0.313658 -0.251969 
9.928640 4.061681 2.396313 0.882818 0.517590 0.836022 
0.564523 2.909069 6.850615 -0.117763 -0.331569 -0.781246 
7.734327 2.128990 6.194004 0.358462 -0.721913 -0.919762 
5.527271 7.801452 6.469125 0.093519 -0.884055 -0.259049 
0.425125 2.793920 0.885450 -0.272666 -0.179302 -0.101522 
7.860680 2.999285 8.385483 -0.640628 0.725593 0.262957 
4.583578 9.583158 9.119457 -0.154118 -0.281543 -0.426733 
5.003324 4.652692 9.366298 -0.939009 -0.488578 0.634027 
5.636646 7.067904 1.738307 -0.957257 -0.990204 0.661476 
9.358796 7.371887 6.788509 -0.870900 -0.434074 -0.700525 
3.962788 7.188762 8.496621 0.263263 0.360010 -0.594623 
1.066757 9.981541 0.663559 0.110236 0.625204 -0.354859 
3.450059 7.927178 9.071323 0.055172 0.597231 0.495462 
4.568381 0.411523 7.472866 0.515906 0.734933 0.318470 
5.709550 5.414237 9.986743 -0.653694 0.792748 0.194841 
1.248190 3.750863 5.725076 0.620116 0.773725 0.058961 
7.586281 2.057494 9.908592 -0.513536 0.286137 0.358040 
9.439948 8.981232 3.705160 0.704850 -0.556439 -0.120834 
7.507903 6.886593 9.711774 0.329106 0.726863 -0.948386 
1.824757 9.170295 0.832822 -0.815583 0.968391 -0.106954 
2.288154 9.790028 3.040546 -0.983533 -0.124661 0.150513 
6.422759 8.795725 4.008563 0.164364 0.889980 0.680286 
0.000550 5.684612 3.480901 0.572229 -0.556013 -0.307746 
7.541705 4.040138 7.204531 0.706321 -0.462619 0.805348 
9.093523 1.421246 8.569727 0.783250 0.048782 -0.079301 
8.543261 9.966344 4.891783 0.871237 0.295747 -0.507963 
6.137962 9.136199 7.742275 0.351953 0.472126 -0.468588 
2.082418 8.306146 4.656710 -0.481750 -0.863704 -0.079454 
3.799968 2.257688 2.233144 0.648474 0.288672 -0.466123 
7.239704 7.092151 0.794096 0.706924 -0.470851 0.921271 
8.052362 3.652655 0.333486 0.202846 -0.915921 -0.073563 
5.596345 8.762318 1.441067 -0.622865 -0.523841 -0.560912 
3.621657 6.021523 8.577729 0.391861 -0.414369 -0.031562 
8.845333 9.428533 7.005767 0.071857 -0.112217 -0.732661 
6.112262 2.294565 8.159702 -0.686496 0.909555 -0.611662 
3.186470 1.406911 4.597630 0.631549 -0.002463 -0.971151 
3.685944 4.621468 4.024702 -0.432401 -0.439686 0.366869 
4.195872 0.452644 4.096236 -0.722217 0.999341 -0.579274 
4.234340 1.291238 2.112281 -0.408941 0.088430 0.935199 
8.533418 9.768053 9.462271 0.858418 -0.122254 0.648765 
2.486004 4.026223 7.154079 -0.154575 -0.300987 -0.975482 
3.134270 8.636316 7.557516 0.041041 0.768108 -0.407122 
9.119627 9.142983 5.605568 0.311767 -0.617536 0.960685 
5.805073 2.676762 0.909125 -0.552635 -0.566343 0.583826 
4.764765 9.149602 2.744605 -0.086671 0.937302 -0.045821 
8.423639 0.728052 3.308188 -0.754997 0.849910 -0.729415 
2.110561 1.813095 9.449772 0.859462 0.084796 0.303879 
2.452233 8.124848 8.283078 -0.608574 0.286316 0.396215 
7.957246 3.158961 5.631397 0.410657 -0.370979 -0.308208 
3.259786 2.816639 7.061412 -0.126323 -0.422888 -0.752012 
7.463414 8.295742 4.233023 0.582451 -0.624082 -0.442894 
4.802640 7.411328 9.762165 0.506231 -0.719579 -0.675306 
0.332017 2.601031 5.188330 0.482213 -0.500792 0.533206 
8.725388 5.710888 1.351193 -0.081104 0.617639 -0.050649 
8.834690 7.096652 0.395500 0.085646 -0.112916 -0.578883 
0.826460 1.071774 7.170317 -0.171386 0.514702 -0.912674 
1.891104 1.609981 6.194443 -0.606364 0.048448 0.120143 
6.080726 4.715493 1.705355 -0.586149 0.253781 0.971054 
0.892302 4.417128 0.020066 -0.078070 0.404980 -0.415046 
3.629894 9.337118 2.488327 -0.756418 -0.136270 0.543145 
0.653170 4.894699 2.330756 0.030450 0.620106 0.530663 
2.537142 3.410210 4.641594 -0.440420 0.077475 -0.685725 
3.665334 2.364315 3.450304 -0.775400 0.517827 -0.726043 
8.602959 1.045789 7.251660 -0.654478 -0.943163 -0.920646 
3.955786 5.666879 0.784951 -0.592824 0.367914 -0.380775 
