6.670938 9.674062 0.047285 -0.128993 0.110399 0.210684 
9.223458 7.685188 5.718107 0.033606 -0.692839 -0.453784 
5.797063 4.973268 8.006286 -0.751096 -0.806293 0.479359 
3.758181 2.547646 4.301950 0.638034 -0.705365 0.166495 
2.539208 7.708828 6.011102 0.600679 0.993762 0.658361 
3.839123 9.219670 6.919930 -0.198316 0.722893 -0.460318 
9.467507 5.644836 8.058967 0.395444 -0.734847 0.799712 
7.290388 6.869736 5.071135 -0.167059 -0.072918 -0.936794 
3.925709 3.782990 2.631945 -0.587771 -0.903080 0.253317 
5.817992 2.258493 6.089896 0.035655 0.817409 -0.770953 
5.404936 8.476567 2.132615 0.221540 -0.901941 -0.948677 
3.672963 9.917180 7.742772 -0.590131 0.539063 -0.969331 
1.337582 3.947482 1.081398 -0.847890 0.249230 -0.253714 
7.748129 1.385651 2.447508 -0.415958 0.105221 0.560510 
6.648254 6.236789 6.749815 -0.562793 0.808991 -0.336882 
8.945578 2.998008 4.337244 0.104670 -0.603476 -0.458801 
7.357318 8.137518 9.060360 -0.323138 0.446600 0.771207 
6.915056 2.443912 7.077728 -0.358699 0.612176 0.750587 
5.792363 3.024409 2.371485 0.812801 -0.865366 -0.911112 
4.308724 9.974742 0.610880 0.807756 0.835620 0.989133 
6.960304 4.019218 6.061508 0.498155 -0.665571 0.565567 
8.827037 8.889040 6.616649 -0.473193 -0.635760 0.669486 
7.202726 7.912304 2.568897 0.606515 -0.330690 0.190800 
9.271495 5.403562 9.444874 -0.185233 0.276973 -0.659551 
3.687018 9.579649 4.834136 -0.212787 0.065092 -0.044160 
6.201015 9.018756 3.964288 0.009893 -0.580004 0.628477 
6.916181 7.056239 7.566443 -0.958720 -0.264740 -0.387310 
2.372174 2.050430 7.854793 -0.038949 -0.594372 0.758967 
1.430504 3.788408 4.817749 -0.683297 0.495155 -0.992833 
4.071063 1.451753 9.968361 0.855353 -0.252526 -0.390111 
4.753132 1.106758 9.060065 0.986839 0.957913 -0.705043 
5.352485 9.475592 9.071802 0.603491 0.667687 0.201718 
3.111705 1.636492 5.970539 0.176125 0.949719 0.659450 
0.169150 0.310805 9.417703 0.820053 -0.365314 -0.837089 
5.060848 6.976527 7.246523 -0.887781 -0.672535 0.473890 
7.658237 1.408356 1.132849 0.606366 -0.140489 0.323391 
3.796550 0.120290 6.322996 -0.787003 -0.906808 -0.659843 
6.070672 1.620511 8.769920 0.480124 -0.243253 -0.103933 
5.703459 0.319549 9.425155 -0.366713 0.406763 -0.106373 
4.558590 3.213329 3.679121 -0.992637 0.109315 0.546511 
1.274343 0.086442 6.461973 0.197982 -0.666182 0.130888 
1.942385 7.143607 4.168776 -0.818941 -0.673590 -0.548179 
1.196647 4.925492 0.548127 -0.786423 0.795739 -0.231031 
3.153596 8.389234 1.482482 0.414540 0.852648 -0.238987 
4.392649 7.588663 1.526015 0.814685 0.974635 0.469739 
1.481457 1.850044 4.378889 0.618096 -0.137694 0.644929 
3.617077 1.862675 5.114973 -0.584070 0.215910 -0.620000 
2.373269 4.596733 1.511632 -0.357795 -0.711647 -0.700930 
6.698539 8.375146 8.353241 0.500536 0.756189 0.679915 
4.192205 0.782020 7.879958 -0.823856 -0.505983 0.518974 
2.679111 4.367599 7.269751 -0.145193 0.989214 0.275295 
1.946017 8.237648 5.286056 0.309461 -0.333927 -0.832973 
1.526531 0.149998 8.128326 -0.171941 -0.669515 0.979702 
6.858187 1.494018 2.715291 0.287445 -0.511483 -0.021835 
8.801091 2.327621 5.399065 -0.835192 0.743557 0.534193 
9.507968 5.753378 4.388318 0.455516 0.928636 0.779497 
4.364195 2.835019 7.473014 -0.660073 -0.005563 -0.498133 
0.614468 4.275905 5.832707 -0.891760 0.579158 -0.676353 
3.692205 4.313993 0.223940 -0.609163 -0.256797 -0.692399 
3.731492 0.569184 8.721999 0.483238 0.223517 -0.105549 
4.103943 7.702307 3.452824 -0.227718 -0.421797 -0.281169 
4.681377 0.295616 4.309981 -0.627684 0.493262 0.014954 
0.832796 0.479671 0.604241 -0.803689 -0.556774 0.628637 
3.511922 9.307844 1.041490 -0.460701 0.149498 -0.783744 
9.424334 6.610442 0.218045 -0.825490 -0.551720 -0.469341 
9.706486 6.823137 7.489799 0.036225 0.423169 -0.379313 
9.112203 4.696747 0.463407 0.270656 0.670598 -0.420492 
4.345242 2.331532 0.768532 0.232266 -0.279229 0.166600 
2.768144 6.544160 2.482132 0.661444 0.634790 -0.251287 
6.832632 5.302369 7.579637 -0.565676 -0.656737 -0.433129 
5.155473 1.442092 9.940989 -0.686181 -0.695210 -0.662495 
7.698499 0.131242 3.033426 -0.930321 0.319331 0.590366 
4.207851 1.089305 1.008232 0.766674 0.567411 0.509552 
3.110873 1.418839 6.997586 -0.139033 -0.331845 -0.355765 
5.418856 0.777389 3.481554 0.446061 0.197324 0.933339 
5.302624 1.597958 6.822395 -0.480582 -0.120704 0.454765 
3.376581 2.691976 7.375792 0.248870 -0.203198 0.311276 
3.980132 7.801949 2.362374 -0.703885 -0.539652 0.470377 
1.368037 6.173094 1.272561 -0.944354 0.974650 0.028980 
8.359017 3.320246 6.032301 0.693683 0.223056 0.974940 
7.349605 9.493837 9.221786 0.223211 0.625931 -0.125315 
3.232591 3.437359 3.654533 0.639042 0.878500 -0.907519 
4.831162 1.058396 5.540338 -0.900409 0.590370 0.306679 
6.246872 8.922212 0.814426 -0.078712 0.450948 0.282083 
7.650638 2.158728 3.059457 -0.664962 0.918467 -0.048194 
3.546435 7.411158 0.837024 -0.467240 -0.674158 0.788810 
7.586523 8.787728 7.464278 0.602120 0.843639 -0.579625 
5.997905 6.544856 2.302538 -0.987681 0.958614 0.393201 
6.581137 2.459625 9.018295 -0.467187 -0.815562 -0.806653 
2.587828 1.848654 4.064221 -0.237420 -0.439733 0.367297 
5.159814 8.568087 0.967598 -0.963973 0.065215 0.888240 
0.770248 2.195679 8.611430 -0.209767 0.907210 -0.283293 
9.768152 0.071515 4.529321 0.542437 -0.740410 0.315743 
3.909343 6.996073 9.865541 -0.635233 -0.829957 0.139950 
5.171887 9.521220 0.160067 -0.923041 0.725954 -0.658002 
8.120778 7.975594 6.039729 0.758628 0.789733 0.171064 
0.134266 4.385873 2.632260 -0.542082 0.526633 0.424347 
4.294378 1.318474 4.064136 0.534268 0.536446 0.880987 
8.625697 9.596282 9.341003 -0.333563 -0.324216 -0.989845 
6.013687 0.612055 4.401072 -0.350229 0.779735 0.330005 
5.064358 1.683188 3.452616 -0.133050 0.033269 0.917233 
2.739613 6.309031 6.114903 -0.906997 0.128401 -0.660337 
3.533413 4.300203 8.169448 -0.172941 -0.022963 -0.217969 
1.101571 6.611648 2.412237 0.173178 -0.254112 -0.006301 
9.824183 3.879481 6.834300 0.283037 0.667554 0.965070 
7.296375 9.925327 7.726617 -0.986142 0.978199 -0.994946 
5.466687 2.394510 8.528277 -0.084649 -0.081574 0.818625 
2.479056 0.355785 5.827595 -0.383000 0.113737 0.361861 
0.776704 0.137867 1.776711 0.577211 0.312370 0.729625 
5.603063 5.296422 6.915981 -0.591781 0.642504 0.937291 
7.011710 6.707544 3.141662 0.957332 0.776551 -0.113459 
3.399333 5.228527 2.514670 -0.600074 -0.651929 0.411440 
5.705990 8.568223 9.962738 0.134197 0.885667 0.316018 
3.165355 5.567170 7.620696 -0.861570 -0.787878 -0.859128 
0.305192 0.039385 8.157225 0.623994 0.700845 -0.913373 
3.250325 7.997965 9.550253 -0.061931 0.300912 0.193208 
8.678387 6.049287 5.381029 -0.453078 -0.415750 -0.781914 
5.359859 2.131671 5.110480 0.020295 0.895136 -0.459225 
5.304310 5.363027 5.547739 0.160042 0.777951 -0.332595 
9.837085 5.150562 1.433838 -0.653921 -0.567290 -0.264684 
5.899409 8.011858 7.384134 -0.061112 0.415654 0.473847 
6.298520 9.766667 3.223218 0.506568 0.396224 -0.085992 
4.809039 1.838696 7.776154 -0.266773 0.907946 -0.285177 
2.552745 3.857285 4.933950 0.616404 -0.625475 -0.117381 
6.251372 7.906090 5.502171 0.039009 -0.926584 -0.878957 
6.912373 0.234059 5.131980 0.376229 -0.992289 0.573406 
3.877984 6.280285 5.456736 0.548192 -0.798742 0.837124 
0.682558 0.625923 4.036005 0.124340 0.513138 0.505628 
4.792766 4.121385 4.444944 0.765769 0.729585 0.593029 
1.918247 7.037943 5.410586 0.392967 0.997941 0.446656 
3.158864 2.234826 9.159601 0.226897 -0.924045 0.047057 
2.122275 5.404402 6.729551 -0.652277 0.316296 -0.771254 
9.309589 6.693387 8.831498 -0.104086 0.605619 -0.422404 
1.605595 6.436797 6.286517 -0.590728 -0.475763 0.248816 
3.271909 1.154252 9.348701 0.832457 0.128685 0.308948 
2.435243 6.979759 0.341489 -0.474287 0.863718 -0.920185 
5.002937 8.022265 7.757424 -0.814223 0.451381 -0.581543 
4.335350 2.397238 9.338072 -0.214910 0.353935 0.360903 
7.960405 2.584696 7.772371 -0.490363 0.139013 0.015879 
0.252921 6.253372 8.396371 0.398230 -0.088956 0.574511 
2.036286 1.414560 6.306105 -0.935316 -0.094816 -0.071479 
3.830358 3.801087 5.255907 -0.534800 -0.620985 -0.215025 
3.865954 3.500256 6.960525 0.783620 0.281378 -0.726548 
5.163614 2.264984 2.224940 -0.729420 -0.168302 -0.907862 
2.722100 2.826632 5.493775 0.269545 0.598942 0.378443 
1.869102 2.264473 5.267004 0.853345 -0.287731 -0.813209 
5.610476 8.905491 3.046436 0.514444 0.589693 -0.106784 
7.123366 8.274456 1.251153 0.847590 -0.711099 0.230011 
6.048474 7.194270 1.378687 -0.603142 0.301732 -0.347088 
2.458282 9.080136 0.907444 0.205544 0.440492 0.071480 
2.438280 7.340858 1.264387 -0.181434 -0.220280 -0.780603 
6.015859 5.386442 0.257688 0.473508 0.264590 -0.437810 
1.289757 9.613650 4.828851 0.942892 -0.471442 -0.890118 
6.506075 6.985185 8.527170 0.630232 -0.957515 -0.301230 
5.777752 7.542239 6.420622 0.639831 -0.244386 0.922144 
5.797245 7.679327 2.764517 -0.801944 -0.590974 0.445166 
3.419047 8.032457 8.472332 -0.641664 -0.483225 -0.811350 
7.338142 3.495980 7.669123 0.769478 0.450830 -0.030673 
5.425405 9.442498 4.897243 0.544532 0.143952 0.673895 
8.080727 8.175648 3.275130 0.498408 0.923126 -0.124257 
5.108226 9.432572 3.851673 0.095232 -0.385984 -0.921744 
2.116380 8.358869 3.918254 -0.454985 0.684135 0.141568 
4.101038 2.174969 3.401119 0.401347 0.044574 0.822344 
9.764109 4.025307 9.335488 -0.725946 -0.134705 -0.623017 
6.281184 9.318650 2.173790 -0.778666 -0.422178 0.427679 
5.383495 6.769524 3.747471 0.270486 0.485951 0.566977 
7.357279 2.793158 8.484210 -0.211130 0.232869 0.015118 
8.063282 5.427632 6.950004 0.472411 -0.075423 0.237888 
0.044177 4.396741 4.880217 0.744603 0.167617 0.697215 
1.626592 0.800614 4.611812 -0.212639 0.284402 -0.681742 
7.128163 9.065533 6.163277 0.945096 0.017028 -0.177353 
4.138311 1.928283 7.097212 0.134016 -0.633594 -0.867989 
4.751862 7.425250 6.334597 0.024755 0.139965 -0.625269 
8.868114 9.673377 4.577512 0.356891 0.695978 0.970571 
1.419439 3.471422 2.393780 0.556614 -0.735419 0.655258 
0.364610 0.728663 5.364129 -0.145066 -0.884739 -0.235340 
3.585166 2.698691 6.232308 0.424036 0.021753 0.987874 
8.415332 8.716343 5.000066 0.894647 0.933570 -0.721484 
1.698794 1.204942 8.431544 -0.505934 -0.220609 0.964924 
7.104672 0.723799 1.797359 0.529861 0.267854 0.412235 
3.133852 4.709564 3.874150 0.950782 -0.484575 -0.429645 
6.525190 6.195777 5.552840 -0.259334 0.677434 0.023295 
1.019380 4.482066 8.597174 -0.818529 -0.043518 -0.898592 
2.982044 9.030532 5.781095 -0.193518 -0.862132 0.162487 
7.812327 8.209412 0.111673 0.298260 -0.703543 0.088913 
5.546043 9.954413 1.035041 0.327044 0.348012 0.887061 
7.180637 8.058279 5.184241 0.760169 -0.009581 -0.506191 
5.021716 3.917019 2.017481 0.601877 -0.038447 0.712090 
8.128395 7.174828 9.947613 0.065074 -0.093854 0.471326 
6.318105 1.386868 9.819777 0.555581 -0.915607 0.005363 
6.431629 8.996260 7.554541 -0.279131 0.947266 -0.079236 
0.602772 7.020127 1.074827 -0.426845 0.240364 -0.591460 
4.126174 9.303671 9.453392 -0.633284 0.508394 -0.155623 
5.301489 6.623611 5.907038 0.265306 0.872995 -0.605234 
0.347662 3.259372 5.246935 -0.529033 0.537193 -0.943631 
4.158262 8.203272 0.403822 0.207343 0.469177 0.171791 
5.618929 1.049832 7.783196 -0.607704 0.727462 0.862821 
5.741428 0.352416 5.538634 0.839013 0.340001 -0.531170 
8.495906 5.463343 8.480775 0.834264 -0.497699 -0.224008 
4.679936 7.022889 2.638775 -0.229577 -0.055490 -0.657564 
