3.586785 9.874698 9.301954 -0.270823 0.901120 -0.590269 
2.567683 5.903941 9.948070 0.753124 -0.615848 0.757066 
3.790055 0.842648 1.253156 -0.110301 -0.309786 -0.474485 
2.047934 0.344687 5.101197 -0.450866 -0.705456 0.606773 
3.448025 2.674507 3.864469 0.187578 -0.515995 -0.919425 
8.845371 4.170172 6.067843 0.965760 0.412982 -0.227991 
1.895983 7.523032 9.542210 -0.470308 0.758121 -0.915644 
4.334626 6.296867 1.885107 0.879294 -0.621044 0.929189 
9.563989 0.690497 5.503917 0.248982 -0.069160 -0.694330 
9.091338 7.896263 3.085940 0.038868 -0.712909 -0.443156 
3.137592 2.908608 2.470151 0.583314 0.934586 -0.676174 
6.498208 4.351238 5.505998 0.968895 0.083416 -0.880727 
7.004266 9.238088 0.124561 -0.212868 -0.833456 0.588028 
8.252851 4.474657 7.917299 0.675779 0.733199 0.078835 
3.933962 0.050158 0.586346 -0.410210 0.428452 0.887438 
3.927234 7.911456 5.997175 0.154346 -0.496510 0.390469 
1.710278 8.530108 1.844443 0.175998 -0.830644 -0.627485 
3.991370 5.212784 1.739326 0.930273 0.126251 -0.864553 
8.892733 0.318500 7.044870 0.411360 -0.270554 0.464122 
3.571602 8.088749 0.270246 -0.297936 -0.422972 0.711441 
1.101980 7.209754 3.375873 0.965752 -0.173539 -0.676275 
6.379912 0.012383 4.866494 -0.500257 -0.512700 -0.449725 
1.499150 4.917884 3.608178 0.885880 -0.021871 -0.751857 
4.884864 9.936018 7.175101 0.589939 0.154227 0.442414 
5.121081 6.290440 8.603155 -0.410814 0.753537 0.952473 
3.702969 4.768152 0.203851 -0.102268 0.543340 -0.549187 
2.967298 6.346568 0.746707 -0.446816 0.704827 -0.727443 
5.499258 9.516429 6.139856 -0.327408 -0.475191 0.915169 
3.481610 9.695524 3.300421 0.134607 -0.275663 -0.060910 
2.053271 0.986977 3.985895 -0.098351 -0.907664 0.021583 
9.312757 4.748907 8.292435 0.022802 0.078204 -0.043527 
4.791513 8.917822 7.900546 -0.450551 0.314500 -0.544738 
4.329381 1.226132 5.029612 0.114062 0.228414 0.159975 
2.342840 6.857044 5.405567 -0.048858 -0.784453 0.337698 
7.399332 2.114749 4.534439 0.295463 0.987501 -0.695805 
0.752705 0.654300 5.252287 0.253028 -0.631140 0.719268 
0.026829 9.975382 7.796252 -0.545269 -0.029555 0.575864 
2.607106 0.534479 2.052707 -0.548608 -0.643952 -0.246169 
3.074450 2.827543 5.391789 -0.726852 -0.184844 0.548335 
3.325764 0.432499 5.082247 0.570097 -0.527305 -0.325154 
6.822876 6.616526 6.231779 -0.116664 0.187962 -0.697497 
1.690576 2.786947 9.289578 0.947624 0.736532 0.980142 
6.809082 5.896650 4.646319 0.908057 0.354120 0.455301 
2.784671 0.983487 7.450684 0.662955 0.024689 -0.113866 
6.675470 6.152692 1.711092 0.261742 -0.112242 0.099460 
5.145009 5.169978 7.668921 -0.149246 0.806893 -0.697403 
4.179613 4.426953 8.076621 0.390891 0.195075 0.984260 
3.556626 4.778389 9.062348 -0.016893 0.683745 0.884581 
2.621062 7.291771 3.112669 -0.799126 -0.324631 0.364573 
6.995512 1.175040 8.798718 0.268977 0.731834 0.303055 
4.117781 4.669870 2.816952 0.754347 0.180906 0.147555 
4.649414 8.886375 6.933383 0.590220 -0.539069 -0.499713 
4.854212 4.036935 3.193952 -0.100522 0.508047 -0.265724 
3.687302 9.024327 6.426979 0.032733 0.602319 -0.693785 
4.094510 0.373279 6.672163 0.829528 -0.333785 0.924722 
8.008563 5.184672 8.828085 0.322186 -0.575412 -0.498755 
7.932441 0.978870 4.911066 0.802166 -0.972887 0.324092 
0.883570 7.594262 7.077320 0.714184 0.910954 -0.697156 
0.957774 5.620138 7.266708 -0.116080 0.573360 -0.713455 
4.268015 6.285572 9.334934 0.514848 -0.517115 -0.619187 
5.562531 4.958945 4.889496 0.032582 0.846204 0.869403 
4.212931 5.826627 6.622791 0.429442 -0.102721 -0.231926 
4.712645 7.343466 0.521803 0.819688 -0.169578 0.494213 
4.736893 3.563051 9.944607 0.646538 -0.732044 -0.443271 
6.443685 2.303544 8.618688 0.532825 -0.527279 -0.440931 
9.045644 5.049627 6.788332 -0.861090 -0.765703 -0.539213 
2.657056 5.779155 8.803295 0.076561 0.704912 -0.261737 
6.254258 1.525711 2.655876 0.069179 0.908593 -0.174940 
8.940165 9.947337 0.568876 0.503697 -0.614200 -0.472676 
8.236122 3.475186 6.915983 0.944346 0.096407 -0.374012 
2.770843 9.778955 5.783341 0.048485 -0.539784 0.958575 
9.044704 6.635969 5.591438 0.482692 -0.297505 0.052875 
4.694325 4.526163 4.489788 0.913929 -0.323863 0.245280 
1.888127 0.990338 6.427742 0.535214 0.327575 0.264549 
3.176407 3.788071 3.810361 -0.215210 -0.221004 -0.866278 
0.847096 0.850879 6.431407 -0.602454 -0.785611 0.368563 
4.188333 7.427321 1.468147 -0.810898 -0.514181 0.387537 
5.644990 3.168420 1.745180 -0.703651 -0.785107 0.025718 
6.168778 6.024364 9.416393 0.403322 -0.056784 -0.008191 
1.193163 5.934144 8.592371 -0.455861 0.270990 0.365475 
3.565640 4.509299 7.176495 -0.197052 0.650410 0.472397 
8.326046 9.676041 3.064795 0.284371 -0.698519 -0.785800 
8.170692 6.324207 2.161776 0.874302 0.728684 0.799002 
1.292379 9.663028 0.086484 0.377011 -0.593970 -0.718252 
0.310180 7.108990 6.190264 -0.746537 0.097374 -0.348581 
2.858853 8.393828 5.088521 0.967480 0.380473 -0.639500 
2.273347 3.177740 0.792884 0.683952 0.085594 0.411834 
1.649406 2.723262 5.304098 -0.133534 -0.976242 0.171144 
1.165584 7.493434 1.834350 0.115926 -0.643884 -0.109963 
5.133505 2.488323 6.690833 -0.094257 -0.246993 -0.810888 
2.065767 2.549725 6.543994 -0.285437 -0.727167 -0.289987 
4.162221 3.716025 2.394780 0.783050 0.904485 0.354834 
4.686788 1.493592 3.023982 0.773103 -0.044308 -0.919096 
6.906569 2.245385 5.554474 0.950648 0.544908 0.310409 
1.611198 9.429882 5.053727 0.896413 -0.587460 -0.659761 
7.389406 2.147285 7.089877 -0.806972 -0.411779 0.376461 
7.866208 7.316211 2.830881 0.216324 -0.713766 -0.126266 
8.078677 1.949599 2.488069 -0.484987 -0.281911 0.500980 
0.276696 1.951428 8.900819 0.709604 0.169952 -0.311364 
2.780439 8.480521 1.151760 -0.674847 -0.259216 -0.762834 
8.685029 4.654166 1.277291 -0.513741 0.094940 -0.646411 
8.545159 8.647696 3.709256 0.148278 -0.934440 0.024951 
1.500414 6.697358 7.872323 -0.375495 0.700243 0.219179 
1.102098 3.536625 4.129007 -0.530450 -0.733168 -0.411763 
4.390991 0.293300 5.683025 -0.421348 -0.671484 0.730497 
9.714987 5.239865 5.775250 -0.102893 -0.619298 -0.385874 
9.802257 9.409630 8.788090 -0.973599 0.935259 0.436759 
5.262679 0.313098 4.996676 -0.465358 -0.300244 0.304647 
3.166506 3.376897 7.237730 -0.932408 -0.016412 -0.611267 
8.907554 3.327289 7.819533 -0.635377 0.681830 -0.329485 
0.049042 7.273875 2.905714 0.502841 0.420080 -0.658221 
5.155448 5.550806 0.297239 0.562058 0.791851 -0.176299 
5.804005 0.129911 2.558870 -0.218083 0.757098 -0.797160 
8.723225 7.843374 2.065867 0.061290 0.494212 0.594469 
4.902904 2.590184 2.661728 0.595451 0.922770 -0.658529 
3.529384 1.120492 0.307836 0.973423 0.851337 0.727156 
3.031116 9.299424 7.113323 -0.479293 0.161694 -0.593095 
1.984030 5.709220 6.917057 -0.917739 -0.739842 0.653346 
7.050505 0.792651 1.129948 -0.576107 -0.076075 0.411620 
2.182755 4.795083 0.151186 0.960647 0.868310 -0.785070 
6.140924 2.010258 4.778243 0.913213 0.572077 -0.291063 
1.425803 6.741901 4.953935 0.955302 0.212576 -0.725225 
5.422983 7.135741 2.966507 -0.536279 -0.195579 0.900954 
5.406425 2.788932 9.126466 -0.977487 0.877850 -0.559173 
6.080387 5.914217 7.707691 -0.279980 -0.654591 -0.061717 
7.762191 0.232994 4.075575 -0.960096 0.876856 -0.210309 
8.302553 7.795940 7.669034 -0.865049 0.437979 -0.539286 
9.751957 8.126213 7.189844 -0.989653 0.029539 -0.439372 
8.750262 1.364443 5.821291 -0.356898 -0.215020 -0.768209 
2.273671 4.051716 6.235040 0.092609 0.779138 -0.294096 
3.081040 5.277331 3.772471 -0.839879 -0.670440 0.440105 
1.204488 4.472209 7.254825 0.097391 0.521435 0.349268 
5.498668 4.505294 0.399101 -0.371177 -0.537929 -0.567332 
7.239213 4.087087 7.835614 -0.631677 -0.540558 0.290100 
4.237477 2.047027 8.442242 -0.933779 -0.649718 -0.374273 
3.589089 1.177640 5.839199 0.805358 -0.281555 0.897419 
3.757315 5.330858 4.616155 0.401223 0.451034 0.525712 
7.955641 5.706577 6.135581 -0.446539 -0.478238 0.151483 
5.060532 4.016749 1.390944 -0.470758 -0.788150 0.247019 
4.836835 2.093849 4.627331 -0.342681 -0.390295 0.649642 
6.180453 8.925755 4.744707 0.758921 -0.612735 0.920779 
2.539500 1.762673 5.396654 -0.032208 0.738686 -0.573054 
7.500693 2.923591 6.362206 0.039542 -0.827440 -0.873557 
2.626092 8.453193 6.262437 0.032174 -0.072592 -0.918670 
4.255429 3.177740 3.385829 0.348359 0.930179 -0.582056 
5.618225 2.199142 0.144394 -0.622103 -0.509193 0.313093 
2.226856 6.610374 1.850360 -0.072238 -0.304220 -0.569974 
5.778862 3.628952 2.873515 -0.066504 0.488956 0.591109 
8.346935 8.596139 4.973479 0.605959 -0.848857 0.855340 
4.717819 1.852557 1.486298 0.070156 -0.222720 0.313850 
5.331212 0.898358 6.466369 -0.223427 0.147030 0.272700 
0.631093 1.459883 0.498513 -0.110453 -0.790727 -0.408825 
8.997160 8.766339 6.367799 -0.169178 0.836213 -0.252463 
2.552722 9.453853 9.097151 0.660783 -0.127874 0.031172 
5.289726 8.774312 5.107868 0.615914 -0.934571 -0.184256 
4.461878 1.841982 0.348354 0.572364 -0.762170 -0.106656 
3.222513 5.334906 7.913784 -0.409442 0.790697 -0.328551 
0.098831 9.374166 6.997439 -0.918831 0.320627 0.263685 
4.178450 5.833292 3.010583 0.420961 -0.032264 -0.924026 
3.255366 1.601451 1.785994 -0.826189 -0.850211 -0.829266 
4.892308 2.769173 0.590611 0.811604 -0.165813 -0.445432 
6.262186 7.672482 3.856285 -0.711839 -0.902942 -0.742810 
5.500985 7.990878 0.579633 -0.063459 0.329114 -0.919916 
3.949514 1.212311 9.286855 -0.339605 0.160760 -0.203405 
5.295966 9.885606 1.690245 0.490538 0.470524 -0.945647 
6.698021 5.469462 5.696278 0.994640 0.827911 -0.671177 
3.533603 6.840097 9.912011 0.261464 0.702789 0.167083 
3.352109 4.326288 1.276483 -0.519382 0.277418 -0.904541 
1.462823 8.722529 6.468238 -0.093586 -0.898975 0.854408 
6.224766 2.396850 7.041837 -0.057640 0.210277 0.178340 
8.364483 3.648637 0.829061 0.964986 0.866670 -0.859939 
5.385498 9.875015 8.701602 -0.323565 -0.291833 -0.601434 
3.618663 6.988550 8.668496 0.980889 0.943313 0.650939 
2.859432 5.326513 2.479801 0.634557 -0.657022 0.269092 
6.720506 8.881681 7.922160 -0.517591 0.019794 -0.783129 
7.552505 4.632255 6.957394 -0.806131 -0.901260 -0.816859 
1.429388 1.566592 5.475725 -0.430200 -0.234299 0.424152 
2.409302 4.473790 8.174889 -0.162109 -0.592203 -0.522018 
2.311338 2.887117 3.583558 0.211233 0.949822 0.712670 
6.767833 3.964617 6.548326 0.116511 -0.432851 0.232959 
2.761102 9.240934 0.050881 -0.260708 -0.031472 0.383582 
8.704467 5.206953 5.316463 0.220911 -0.955334 0.405664 
2.633177 2.949586 8.498746 -0.375513 0.514554 0.627877 
9.669690 9.775997 6.222299 -0.586877 -0.944425 -0.542762 
5.351124 7.061573 6.458934 0.214788 -0.769000 0.457457 
5.201121 1.277400 8.550480 -0.965100 0.680896 0.507488 
3.236824 6.434852 2.998117 -0.903234 0.464236 0.530116 
3.794943 0.479869 4.068244 -0.003213 -0.827152 -0.040587 
6.092911 8.801992 3.276199 -0.478938 0.666576 0.221454 
0.818269 2.947676 7.327683 -0.351737 -0.128613 -0.883293 
8.173738 5.023042 2.843768 0.623715 -0.415484 -0.457349 
0.519049 9.560241 5.581021 0.989012 -0.497929 0.980764 
2.636773 7.585043 0.348857 -0.614819 -0.693377 0.720563 
3.932258 2.294090 2.100761 0.192834 0.309851 -0.928752 
4.570044 5.221481 8.795420 0.551874 0.794242 -0.655055 
6.678785 3.289439 1.765552 0.811942 0.929073 0.117167 
1.615277 9.901826 6.003397 0.309734 0.722677 0.132014 
5.714808 2.774945 5.591722 -0.342600 -0.097237 -0.072421 
2.458481 4.627265 3.286370 -0.870195 -0.373135 0.874813 
2.654959 7.055023 7.536730 0.222582 -0.086205 -0.079536 
