33.732425 
35.615938 
32.514938 
35.861389 
33.547445 
34.841481 
34.929189 
34.503838 
34.199088 
34.898959 
33.183816 
32.555999 
32.947010 
33.373827 
30.800953 
32.308786 
32.707023 
35.538475 
33.300869 
33.270463 
34.898820 
32.825644 
31.047181 
34.323752 
35.850451 
34.655318 
35.658856 
37.313321 
36.865658 
37.657049 
34.814654 
35.329950 
33.338936 
35.816544 
35.302321 
34.954109 
35.227113 
36.392806 
34.559115 
33.859614 
34.921990 
34.049731 
35.053301 
35.506314 
35.267598 
34.823676 
34.196769 
34.495669 
34.404940 
34.619723 
36.007474 
34.730460 
34.274756 
33.812829 
35.808575 
36.398119 
33.982947 
37.328519 
35.549348 
35.737625 
34.732085 
33.350884 
34.719495 
33.570933 
34.418668 
34.099231 
31.834906 
33.350071 
35.216738 
34.445838 
34.688720 
32.058669 
34.485253 
33.714012 
31.397245 
33.515044 
33.309026 
31.166998 
32.873004 
34.077616 
35.523624 
32.800322 
33.413942 
33.781980 
35.959968 
33.786645 
32.842422 
34.536885 
35.674576 
35.040785 
34.735143 
31.750993 
36.002776 
35.770557 
35.073047 
33.236674 
35.893375 
38.014108 
35.833325 
34.934987 
32.699578 
33.078347 
34.720815 
35.817742 
37.474200 
34.688580 
34.719203 
32.122829 
33.796904 
33.639486 
32.307147 
36.675689 
34.288043 
31.956314 
32.751472 
37.568129 
35.228455 
33.575901 
35.245379 
39.580371 
39.733908 
38.448013 
36.616307 
38.490775 
38.012526 
36.901867 
38.026752 
34.053122 
32.771382 
30.351355 
33.076024 
33.154178 
34.616642 
33.275943 
34.379490 
34.335741 
36.325542 
35.587303 
35.503276 
38.682899 
34.446680 
33.986231 
36.311131 
37.137815 
37.217070 
36.773628 
33.774411 
36.150068 
35.556763 
31.078724 
32.898365 
32.276671 
32.379383 
33.258062 
36.088542 
34.509874 
33.127697 
33.556007 
35.216246 
34.343252 
35.927388 
35.225752 
34.988408 
36.185522 
34.605602 
35.883510 
33.293160 
35.199031 
34.715810 
33.587796 
36.590194 
37.922648 
35.911829 
32.301261 
31.644932 
34.304592 
36.132323 
35.275524 
35.434411 
33.673107 
34.880432 
36.854774 
36.559950 
36.244648 
36.041955 
34.435258 
33.013820 
35.841377 
36.465010 
35.015471 
35.384834 
36.809706 
34.264184 
36.208938 
36.442635 
36.750764 
33.783540 
34.398180 
35.307240 
33.577007 
37.235429 
38.967383 
35.401683 
36.832641 
36.389594 
34.512427 
34.513414 
35.669938 
33.960368 
34.478482 
31.903020 
34.552354 
35.135833 
33.951998 
33.882199 
34.568147 
35.891882 
33.934388 
35.036946 
33.960438 
31.708900 
31.733393 
35.128836 
31.613074 
32.173069 
32.594772 
33.304234 
33.502660 
33.725604 
34.514784 
34.719564 
34.852273 
35.558965 
37.442721 
33.797694 
34.129601 
34.298996 
35.047582 
38.422106 
32.720088 
34.553897 
34.829078 
33.103399 
34.444364 
35.257070 
37.002041 
32.727552 
33.138450 
35.431739 
34.734215 
34.537236 
32.644848 
33.678772 
32.622644 
34.674674 
32.056317 
36.256305 
34.796127 
31.162792 
34.871990 
36.953136 
34.321139 
34.443268 
33.601309 
31.100649 
32.641329 
33.151848 
34.453762 
38.184926 
32.486423 
32.580240 
35.436775 
34.891130 
35.244367 
32.588530 
34.121141 
37.550898 
38.392195 
37.943503 
38.918171 
36.748858 
37.484456 
37.726527 
34.016608 
35.086149 
34.638915 
34.743185 
33.406260 
34.354979 
34.307823 
34.195307 
34.833116 
34.830797 
35.498818 
33.370204 
37.773197 
34.714012 
35.763136 
37.562842 
38.462751 
38.188838 
38.059257 
35.813712 
34.150743 
31.749445 
33.214487 
34.287563 
34.999144 
34.174709 
35.918729 
34.663108 
38.209366 
35.024120 
36.393623 
36.483393 
35.059255 
34.314474 
34.257222 
35.516517 
36.258855 
36.283112 
35.844952 
33.271168 
36.768235 
37.474065 
35.528471 
35.018552 
33.702029 
34.272834 
35.063525 
37.461579 
36.246107 
36.181976 
34.824365 
35.915542 
35.897353 
37.025235 
36.130097 
30.982254 
34.257934 
34.966751 
35.050624 
36.074819 
34.400130 
34.815537 
33.164647 
35.971034 
33.392629 
32.873776 
32.889683 
33.337484 
33.314945 
33.564858 
34.561175 
35.373049 
36.135700 
35.402632 
34.864112 
38.007388 
37.865700 
37.844219 
39.419436 
39.972157 
38.549591 
36.533111 
35.640489 
34.365824 
33.324860 
33.761421 
34.020997 
33.641901 
33.921012 
33.836821 
34.108636 
32.497636 
34.718121 
35.188679 
34.446896 
33.072058 
33.705106 
34.640468 
36.957796 
36.067776 
34.761330 
36.358003 
34.890319 
32.885876 
33.578061 
32.845292 
33.911888 
31.127298 
33.869917 
37.188987 
35.321635 
35.982345 
35.428107 
33.999195 
36.279121 
33.344399 
35.691698 
35.727100 
31.841453 
35.819687 
35.324998 
35.922551 
36.150852 
37.125909 
34.474070 
36.087964 
34.879670 
35.247984 
35.176991 
34.406088 
33.654748 
33.485633 
36.603295 
32.857456 
32.990672 
33.002267 
35.224101 
33.267496 
32.013559 
33.968856 
32.907076 
33.700683 
33.650832 
35.172983 
35.113465 
33.671348 
32.429657 
34.685458 
35.512342 
35.895432 
35.387900 
33.748217 
32.917274 
32.564968 
32.043399 
36.002860 
38.884100 
35.860696 
34.550469 
34.954743 
38.637032 
36.569543 
36.403273 
35.860586 
35.622811 
33.029475 
34.937420 
34.495987 
34.038562 
34.701806 
34.762544 
34.721980 
34.417221 
34.202929 
35.266124 
33.830058 
33.493629 
32.813172 
30.908798 
33.956107 
32.933823 
31.603655 
34.005411 
34.413953 
32.837476 
32.840011 
35.250138 
33.510323 
37.618536 
36.020417 
33.908324 
35.503849 
36.487959 
38.871683 
37.622694 
38.837609 
35.610721 
35.971921 
37.474905 
36.083298 
35.048453 
33.897971 
35.035608 
35.480565 
36.904986 
36.418750 
37.252899 
35.775549 
36.749024 
35.222043 
35.420144 
37.768115 
36.756577 
35.630183 
34.295073 
34.534269 
33.280792 
32.882353 
31.961340 
30.929764 
31.675976 
33.514280 
34.405472 
34.200813 
33.873719 
36.202984 
34.936468 
33.686637 
35.365541 
36.501202 
36.606863 
36.738757 
35.096386 
37.119995 
35.134978 
38.231839 
35.249544 
34.562691 
36.971004 
34.940972 
33.622915 
37.814994 
37.426955 
35.914792 
37.511468 
34.463318 
35.935773 
32.230819 
35.259980 
35.011980 
32.862797 
33.412046 
33.546335 
32.827448 
35.531167 
37.342106 
36.582159 
35.922521 
34.173256 
35.817425 
36.826612 
34.118881 
34.532272 
34.789557 
36.767102 
32.801350 
35.778049 
35.240097 
34.234446 
33.766014 
33.581167 
34.822730 
36.920803 
36.906999 
35.044544 
34.490802 
33.835576 
33.170198 
33.160449 
32.825426 
34.122150 
35.467426 
35.417462 
31.683855 
35.616107 
34.688415 
34.283983 
33.286199 
33.615078 
33.411929 
36.144851 
36.538489 
33.308871 
35.790245 
36.226747 
34.362239 
34.381904 
33.528410 
33.641705 
36.024092 
37.566174 
35.654361 
33.306762 
35.279007 
35.486530 
36.629793 
35.967876 
34.950345 
33.691198 
35.312431 
35.324091 
36.860635 
35.499095 
35.873039 
37.112159 
32.902277 
32.798616 
37.908659 
33.363547 
32.678379 
31.124371 
32.279300 
34.483058 
33.446038 
34.382121 
33.250110 
36.277708 
34.099093 
35.043413 
35.704825 
34.717268 
33.121973 
35.303234 
33.142131 
30.226346 
34.703128 
36.172384 
38.572876 
34.390375 
34.320521 
35.074933 
34.380998 
35.604716 
35.172416 
36.715385 
36.488952 
35.875625 
35.736068 
36.490060 
35.357762 
35.789119 
35.940979 
38.250119 
34.765143 
35.208087 
34.700935 
33.223644 
36.186155 
34.370745 
32.941737 
35.584553 
38.572645 
36.786161 
38.609892 
37.026127 
36.146889 
34.423172 
33.994587 
35.035146 
33.886558 
33.835220 
34.636723 
34.729716 
35.257263 
34.119395 
35.346239 
36.290950 
34.063847 
36.278560 
34.359506 
34.669190 
34.374734 
34.763723 
33.544219 
35.692399 
32.581907 
34.223397 
34.203693 
34.608302 
35.367389 
32.511093 
32.378742 
29.920463 
31.556550 
35.088752 
35.079063 
36.427503 
34.845848 
38.325195 
35.240463 
35.992350 
34.657352 
34.384384 
33.629543 
33.534977 
37.153342 
36.270631 
34.651392 
35.187052 
36.009827 
35.199973 
35.056801 
34.893812 
36.992698 
36.826932 
35.841453 
34.372272 
35.923080 
35.547361 
36.105564 
34.990189 
35.723264 
38.756325 
37.405464 
35.002549 
35.184684 
36.372460 
36.287354 
36.027398 
33.261847 
32.184792 
35.930647 
33.694039 
36.041898 
37.597924 
39.483480 
34.916120 
34.272803 
34.314585 
33.603996 
35.893235 
37.774265 
36.788083 
32.415568 
32.385008 
33.558916 
35.502669 
32.798609 
30.926139 
31.506566 
31.955041 
32.142029 
33.710861 
35.424418 
33.289161 
32.909463 
33.586575 
32.190372 
32.411010 
32.610572 
33.929479 
35.396515 
34.522908 
34.739332 
38.062677 
34.524228 
36.127686 
35.632267 
35.719195 
34.830491 
32.763828 
32.905958 
33.120911 
35.022540 
36.541097 
33.810155 
34.760208 
35.474440 
33.959142 
34.310281 
35.712040 
35.004294 
33.924927 
32.812582 
33.865295 
35.991244 
36.764102 
36.732229 
35.267145 
33.904633 
34.002958 
33.399788 
34.230899 
38.772173 
37.111510 
36.153905 
36.755621 
34.781464 
36.648668 
37.683043 
35.721459 
34.124691 
32.749886 
32.441636 
33.419800 
34.951882 
36.006331 
35.514312 
35.991776 
36.661396 
36.822701 
35.074348 
34.529880 
35.698279 
33.713680 
34.645158 
34.403316 
33.099719 
31.289368 
32.643376 
35.445990 
33.806250 
34.418200 
32.346236 
35.992258 
32.357328 
36.566759 
35.412567 
34.635606 
32.709941 
34.572726 
35.172705 
36.303279 
34.691822 
34.525075 
33.475245 
33.970391 
36.573354 
35.977960 
34.135790 
33.259119 
34.468680 
35.533201 
32.019239 
34.342282 
34.235091 
36.012540 
34.221630 
34.624914 
34.876435 
33.505966 
33.040951 
33.678644 
33.824218 
33.967111 
33.840176 
34.977115 
33.000246 
32.499019 
34.229139 
37.695368 
37.721768 
36.027506 
33.977289 
33.423587 
33.965342 
35.798971 
35.313752 
35.138996 
35.915374 
35.708530 
32.933003 
33.234934 
34.026630 
33.377171 
35.232066 
35.652434 
34.560173 
33.705736 
37.012168 
37.478826 
37.415274 
38.004677 
36.530398 
31.268605 
31.492542 
30.915168 
32.744076 
35.228236 
34.565077 
32.990387 
33.851564 
32.666527 
34.146189 
34.355153 
36.240264 
35.007302 
34.769673 
33.138986 
35.283552 
37.320487 
36.025936 
36.256895 
37.614104 
37.541790 
38.825787 
36.641647 
35.307986 
35.516977 
37.283524 
36.304735 
34.330579 
32.680735 
36.436236 
37.061060 
36.730049 
36.408241 
33.333735 
33.746322 
33.627275 
34.452566 
32.983419 
34.208934 
33.544511 
36.794796 
37.069869 
36.598716 
34.471900 
33.706827 
32.778950 
32.060330 
35.035858 
38.000858 
36.858400 
38.078697 
35.348108 
34.997976 
36.922042 
32.399963 
33.745893 
37.234134 
34.961150 
32.455765 
34.380583 
32.179684 
30.674667 
32.603916 
34.477569 
37.323039 
36.106290 
34.224095 
36.283829 
36.822321 
38.347851 
35.729472 
34.929372 
33.309180 
30.951130 
33.445409 
33.211509 
35.197523 
34.551585 
33.992051 
33.856588 
31.562863 
33.177932 
33.229564 
33.427132 
35.379791 
35.380629 
39.400733 
35.704648 
36.760167 
35.869614 
33.134379 
31.568297 
33.047183 
34.381729 
33.499090 
33.702928 
36.290661 
35.120011 
39.709785 
35.934313 
33.616101 
33.312781 
34.704854 
32.913091 
34.964352 
36.766350 
32.338779 
32.886609 
33.730226 
34.658048 
34.352307 
33.199668 
33.126199 
34.440915 
36.901208 
36.501721 
36.046219 
35.050744 
33.237463 
31.158887 
34.456426 
36.048132 
34.689459 
32.662420 
32.579701 
33.422064 
34.338909 
35.128299 
33.708339 
31.268739 
32.576063 
34.213586 
34.746031 
